6949620
6825689
6876671
7354530
7250109
7898160
8254597
8328218
8597467
9060985
8920694
9194708
9957815
10494753
11019945
11264178
11462191
10870134
10736981
10723641
10526510
9944351
8431642
7775371
7124628
6746380
6553322
7155390
7102841
7484621
7848598
8153260
8861051
8901460
9225722
9219486
9567092
10449993
11063692
11338338
11166816
10693233
10465418
10489162
10145930
9571392
8364197
7342460
6708857
6336802
6459307
7006433
6854204
7240318
7556899
7715580
8006945
8370368
8537099
8220052
8696713
9259322
9615927
10129036
9905594
9511779
9355267
9408229
9522834
9037758
8159563
7155709
