501702
410156
334399
320183
311864
382732
565110
841572
1116577
1335325
1428198
1396194
1463214
1570295
1486516
1336388
1082562
966925
932326
990134
1020286
1020184
764181
609447
430564
315934
230847
223660
200580
269716
484360
908670
1284082
1396663
1467626
1449101
1514590
1608647
1543437
1366491
1164024
1006748
985400
1025632
1033983
986382
815069
647877
484033
416045
355986
331119
317510
414237
619163
945356
1204526
1354221
1388152
1395546
1520567
1568354
1581600
1356110
1157743
944494
886138
930916
1006600
950943
768016
567779
