163213;f9705d24-a125-4429-8626-16fc98cfe784;77;1001;1;B2W;1
16179985;485de983-746f-468c-996c-ec1780248e41;98;9801;1;4844131000106;0
7778529;0a306a45-27d5-432e-a60c-60161def6cb1;98;9801;1;56128820000118;3
120409329;7fb5ab02-5adf-4938-a2d3-fe35fdf10910;77;1001;1;B2W;0
13343763;e5be283f-ad80-4266-a7b6-0b5cf41db2cd;98;9801;1;13484725000144;0
109486382;d0b47fba-f70a-47d0-8b5d-03bd9db4dab3;98;9801;1;7092688000126;0
15449359;f556e0d0-5089-4394-b445-fabc89c57231;98;9801;1;14040715000182;2
121790387;06a9345e-befe-4361-9a00-b3c90c51389a;98;9801;1;12339345000153;10
121790387;483ebb7c-554e-44fa-b0b0-d74dfa83fef2;98;9801;1;77500049000138;0
121790387;65351d52-38a0-447c-8712-cb433e4b816b;98;9801;1;11826192000297;0
121790387;7edf0af7-81ca-4448-9d11-0c0e3a12a912;34;1001;1;B2W;0
121790387;87816875-1b74-4470-a45e-7a078536d786;98;9801;1;10576972000182;1
121790387;8cf43563-5e93-4efa-b6ef-9e8c5616d745;98;9801;1;9452807000130;10
121790387;bac9b4f1-c80b-4e7e-8e51-8fa71e29cd14;77;1001;1;B2W;0
121790387;d2c08108-8d86-498b-9474-c81d09b2fe23;35;1001;1;B2W;0
121790387;d35f6458-953c-4e47-9741-bc4aef7271a1;36;1001;1;B2W;0
8944894;44f7941e-2c12-428e-89c9-c155f55a3686;98;9801;1;13933305000106;0
