f9705d24-a125-4429-8626-16fc98cfe784;302;1;20
cff93d57-0711-4212-a71e-492514931e90;6;0;0
6517328e-4532-464a-b2a2-7d1d08f609b9;0;0;0
89150281-f267-4289-81d3-9da837e719dd;96;0;0
c7f55910-74fb-4709-b14c-7c5b02dc390a;400;0;0
a0c3e280-174e-462e-886a-aaa70dc33293;0;0;0
aaf69ac5-4f42-4c63-9bfc-daad7a132088;200;0;0
47b1d2dd-0658-4d23-9975-a6b5c8a9c73b;51;0;0
c8cee904-7115-4dde-91d2-b3bd71755ce3;0;0;0
1e729bf6-87aa-49d6-a23a-5e737eaed1d0;6;0;0
18f75a40-b6ef-40ef-bbcd-d9a2c3371e59;0;0;0
c889756f-4260-4ff8-93a2-d69538c0677b;50;0;0
6a9f187e-25ad-490b-8697-8651827d1d61;0;0;0
9822b58c-da58-4ade-af55-2b30394ddc02;0;0;0
98619488-1ede-44cd-9ea2-314cef13f8be;9;0;0
a4db06b6-7a94-4300-95a7-65edeb077efd;0;0;0
5eb03c31-42c4-47fb-93c1-fdcd05841833;35;0;0
1ee497e6-3094-43c4-8255-f8e24ffc1771;3;0;0
c146d190-0445-4e74-8f28-b0a46499fdea;41;0;0
