2467.00
2681.00
2624.00
2492.00
2792.00
2558.00
2557.00
2799.00
2711.00
2593.00
2729.00
2594.00
2923.00
2553.00
2506.00
2754.00
2622.00
2899.00
2732.00
2611.00
2773.00
2161.00
1495.00
1851.00
1811.00
1773.00
1826.00
1942.00
1699.00
1709.00
1803.00
1863.00
1815.00
1836.00
1762.00
1745.00
1643.00
1860.00
1743.00
1814.00
1654.00
1959.00
1643.00
2081.00
2795.00
2976.00
2838.00
1918.00
750.00
257.00
573.00
423.00
304.00
422.00
413.00
281.00
485.00
210.00
331.00
289.00
417.00
374.00
589.00
211.00
546.00
292.00
591.00
357.00
571.00
345.00
540.00
385.00
478.00
470.00
451.00
397.00
376.00
486.00
374.00
514.00
254.00
531.00
305.00
522.00
377.00
487.00
378.00
506.00
386.00
404.00
457.00
314.00
450.00
395.00
512.00
281.00
397.00
310.00
511.00
367.00
452.00
258.00
404.00
358.00
457.00
150.00
457.00
240.00
461.00
339.00
430.00
363.00
463.00
270.00
487.00
379.00
368.00
348.00
293.00
164.00
393.00
0.00
0.00
7.00
295.00
352.00
54.00
489.00
504.00
421.00
37.00
393.00
346.00
376.00
280.00
363.00
192.00
330.00
267.00
276.00
305.00
292.00
267.00
308.00
281.00
253.00
290.00
213.00
347.00
191.00
325.00
177.00
322.00
275.00
314.00
221.00
323.00
229.00
395.00
260.00
345.00
218.00
369.00
297.00
315.00
225.00
369.00
184.00
317.00
206.00
290.00
256.00
341.00
150.00
289.00
291.00
328.00
161.00
311.00
308.00
400.00
246.00
320.00
200.00
326.00
265.00
383.00
312.00
299.00
241.00
389.00
217.00
315.00
309.00
334.00
245.00
328.00
303.00
311.00
279.00
337.00
329.00
401.00
87.00
486.00
154.00
0.00
0.00
2.00
1.00
3747.00
1175.00
756.00
733.00
870.00
633.00
788.00
722.00
781.00
661.00
874.00
537.00
800.00
530.00
697.00
662.00
662.00
652.00
722.00
691.00
813.00
758.00
797.00
706.00
590.00
694.00
693.00
751.00
801.00
704.00
739.00
735.00
748.00
645.00
696.00
661.00
777.00
666.00
660.00
757.00
757.00
764.00
649.00
627.00
842.00
524.00
601.00
776.00
788.00
733.00
899.00
696.00
780.00
640.00
622.00
699.00
697.00
713.00
719.00
837.00
711.00
681.00
677.00
643.00
638.00
811.00
692.00
696.00
676.00
678.00
718.00
782.00
685.00
737.00
858.00
614.00
710.00
758.00
807.00
778.00
711.00
588.00
829.00
708.00
635.00
766.00
760.00
699.00
782.00
699.00
715.00
