1191.92
1102.65
1132.31
1107.44
1139.48
1121.94
1188.03
1157.01
1084.03
1099.00
1163.54
1117.26
1093.10
1085.72
1155.86
1123.86
1127.82
1100.03
1095.80
1089.05
1131.07
1041.97
1496.12
1733.53
1584.96
1628.80
1668.22
1607.19
1637.00
1627.86
1643.12
1634.31
1577.90
1621.45
1627.90
1647.06
1655.77
1663.30
1739.60
1629.72
1674.16
1645.87
1646.53
1594.15
1372.92
1060.39
1054.06
1067.90
1874.33
2251.90
3426.62
4127.09
5121.55
5413.19
6006.43
6190.63
6877.73
7337.28
7341.90
8019.84
8254.60
7472.47
7822.54
8241.85
7614.13
7643.75
7179.37
7255.97
6750.36
6806.50
6383.99
6528.48
6587.28
6380.11
5900.64
6391.25
6551.51
6427.78
6710.07
6613.38
6782.78
6864.30
6964.85
7045.95
6981.89
6800.17
6781.32
6667.96
6697.73
6820.74
6702.01
6646.71
6882.94
6706.84
6993.37
6920.17
7074.43
7233.72
7123.41
7147.75
7233.05
7411.53
7417.19
7363.04
7387.26
8108.94
7689.85
8423.61
8215.24
7832.11
8240.87
7882.06
7822.16
7741.00
7708.92
7309.23
7622.11
7514.54
7650.49
7397.83
7816.62
NaN
NaN
11380.14
11739.35
11837.65
13222.52
12359.83
11767.32
10381.61
10216.43
10154.20
9644.60
10358.33
11159.85
9464.41
9137.93
9084.10
9279.50
9283.26
9779.30
9751.51
10248.09
9610.31
9822.90
10276.77
10047.79
10374.94
9894.50
10808.30
10477.36
10308.15
10848.27
10458.95
10792.02
10481.48
10569.30
10726.67
10548.04
10258.98
9889.21
10281.00
9841.42
9766.39
9578.22
9722.52
9640.10
10268.17
9994.12
9822.99
10041.03
10334.86
10175.46
10672.04
10983.33
10695.13
10493.50
10567.83
10790.63
10891.96
9968.14
9850.26
10377.22
10574.62
10436.81
10021.44
9894.62
10027.21
9595.94
10148.90
9458.86
9620.00
9682.31
9239.41
9632.31
9360.94
9613.85
9910.87
9209.98
10038.62
9244.11
9442.96
8739.56
10366.68
9443.47
8775.14
NaN
NaN
15779.50
10466.00
3798.05
4147.83
6512.04
5343.35
4737.49
3372.67
3586.68
3322.84
3242.95
3678.48
3858.30
4326.99
4205.76
4743.80
4955.71
4890.31
4645.90
4897.65
4486.98
5035.36
4586.70
4457.33
4149.48
4632.01
4783.86
4677.95
4477.30
4672.57
4677.68
4496.93
4653.80
4761.11
4195.85
4412.03
4613.25
4301.17
4373.28
4590.38
4790.87
4659.72
4495.03
4670.83
4537.08
5012.62
4665.76
5004.23
5367.79
4528.55
4621.19
4319.41
4241.29
4689.67
4246.91
5011.27
4626.76
4819.74
4309.17
4646.77
4288.09
4346.52
4153.28
4560.65
4549.69
4657.83
5024.08
4617.78
4733.87
4780.03
4510.17
4767.57
4675.81
4821.30
4502.63
4551.46
4118.76
4287.22
4469.51
4859.17
4453.19
4466.95
4715.83
4725.64
4170.65
4629.84
4496.86
4349.91
4136.15
4468.37
4313.44
4441.93
4513.70
