40
7102265.16964286
7137.7561551835
1.04397836156695
-0.0896605944935017
-0.15478830154441
0.075949918529919
0.0502924875624777
0.155081478682487
-0.0613944270599916
-0.158905449264859
0.0141166767661064
0.0676800199703811
-0.00880093411001226
-0.00319384975424009
-0.0757270090402248
0.0798128813662384
-0.0295440146822955
-0.0331992447969487
0.0159794944762805
0.107243341689221
-0.062988720556364
-0.0495871476489098
0.10164507802676
0.0481700130382767
0.0311070696982081
0.274408049222727
-0.124326021005099
-0.193613774705157
0.0560802579008248
-0.0753178152520534
0.0350407877237239
-0.124705396165868
0.0143856955928748
0.0468685615240227
-0.0151037802798032
0.0631332257414998
0.0217666446163229
-0.0280037207887173
-0.0305859240416645
0.0488207821757345
0.00890132284073442
-0.0605070241977455
