40
27170.8988095238
-1.91486232659682
0.59407071289144
0.140338505197899
-0.0798903578472991
0.0341264543356838
-0.0315034664366263
0.161347423587328
-0.129451714948143
0.0579967912809661
-0.0526032982401511
-0.0490083110918948
0.105635334197938
-0.0226213354860776
0.111944855059344
-0.0878699550901707
0.01209378729262
-0.0950338482224788
-0.0192642502260828
0.102450251743486
-0.0282535274235078
0.0331398016355366
0.0150564408884475
0.056590450737052
0.121380358866741
0.0789113580071824
0.0719205244135813
-0.124436792639477
0.096037787600633
-0.114790297085721
-0.0805037566474667
0.0760619985505844
-0.0103676054226708
-0.0748118886404543
-0.0524436718981931
0.0517489357992706
0.0611062387827699
-0.0967535048043022
-0.0039206993586439
0.00662916708085703
0.0137763128238956
-0.023680225702855
