40
894242.580357143
1224.44964592255
1.11012081871485
-0.00326925954119532
-0.245229609342501
-0.294231052843539
0.360572935543989
0.164090626134455
-0.292274203745105
-0.0535609218983449
0.00940855599545498
0.0956583636636466
-0.0211268466566092
0.14525134749004
-0.185308442165699
-0.00020952721203199
0.0145568642913336
0.0687919192953296
-0.0296186537099853
0.0331482356474496
-0.0189667161024353
-0.0150878207944465
0.0683916349369295
0.0444774368337032
0.0402709000618015
0.114986152988183
-0.108828054677239
-0.0313507647059525
0.00332605658016583
-0.030933049344722
0.0184544901976011
0.0131973881293395
-0.0641582028657147
-0.0341921710892863
0.0960589903590976
0.0980392212133585
-0.148886446409501
-0.0194259597227204
0.0545677392350505
0.00653282100944513
-0.0382285186598974
-0.0326004372559758
