87
38719.6009424603
4.79591812382583
0.729165179593795
0.126474132431848
0.164129162429383
-0.0211032093747851
-0.133425096096482
0.0919547083853354
-0.165144727802895
0.0636900291515514
0.140410959500778
-0.0865765033841795
-0.0586738227998657
0.217373532383345
-0.146462998419697
-0.0183202991104374
0.0558504541874432
-0.0397988694945933
0.166659559375993
0.155045286796273
-0.161008859388776
-0.0408982379869463
0.0432543497876629
-0.0603160530382319
-0.0125325437082494
0.126588726352897
-0.0994198818282431
-0.053839276935449
-0.0266399996150294
0.0253912655367958
0.0495883614256004
-0.0475805023856269
0.0498971591031064
-0.0195116092630249
-0.0236876230420126
-0.0125805016454992
-0.0632735971158215
0.0712009366650972
-0.0146128939449446
-0.0507834040844717
-0.0165506780167557
0.0408520828641858
-0.0220127216214747
-0.0277031187702608
0.056041888606082
0.0385109894708084
-0.0187119518127897
-0.0203547515030243
0.00657276372319612
0.103290289358907
-0.093314409370107
0.00638768160211274
-0.00968444760358683
0.00604148115190262
0.00899652723820211
-0.0348221516246445
0.0379428076652241
0.0277023512323191
-0.0183994694639735
0.00971140667944098
0.00635075748752167
0.0594983666489101
-0.0676153456256265
0.00414873881610356
0.00359206848730875
-0.0233246530660904
-0.00514840319061491
-0.0583945793901863
0.0608425877152433
-0.00732112560599141
-0.0222101559775131
0.0283346762477538
0.00457101489493422
0.0467004088188769
-0.0492192813083083
-0.015530929278213
-0.00431881141853951
0.0054211330583325
-0.02020243603556
-0.00906393928291893
0.0403404839254667
-0.0323528992259526
-0.028878699510437
0.0350474910161409
0.016825590699416
0.0425966549944726
-0.0434470157246323
0.0239086161909703
-0.0336511130486388
