1.52075345891
1.3424312178
1.25508287744
1.20323986728
1.16891051636
1.14450252093
1.12625793154
1.1121039222
1.10080345907
1.09157262201
1.08389054486
1.07739761663
1.07183756065
1.06702280578
1.06281290841
1.05910062619
1.05580265438
1.05285329995
1.05020006106
1.04780047433
1.04561982506
1.04362945687
1.04180550537
1.0401279367
1.03857980858
1.03714669616
1.03581624113
1.0345777945
1.03342213093
1.03234121849
1.03132803177
1.03037639898
1.02948087612
1.0286366428
1.02783941541
1.02708537442
1.02637110321
1.02569353632
1.0250499154
1.02443775179
1.02385479425
1.02329900136
1.02276851764
1.02226165281
1.02177686382
1.02131273921
1.02086798528
1.02044141415
1.02003193311
1.01963853528
1.01926029137
1.01889634231
1.01854589277
1.01820820535
1.01788259538
1.01756842632
1.01726510559
1.01697208082
1.01668883654
1.0164148911
1.01614979399
1.01589312332
1.01564448362
1.01540350375
1.01516983514
1.01494315002
1.01472313993
1.01450951432
1.01430199926
1.01410033626
1.01390428122
1.01371360342
1.01352808463
1.01334751828
1.01317170865
1.01300047025
1.01283362706
1.01267101202
1.01251246641
1.01235783936
1.01220698737
1.01205977386
1.01191606877
1.01177574814
1.01163869381
1.01150479305
1.01137393824
1.01124602663
1.01112096002
1.01099864453
1.01087899039
1.01076191165
1.01064732607
1.01053515484
1.01042532245
1.01031775652
1.01021238759
1.01010914904
1.01000797691
1.00990880977
1.0098115886
1.00971625669
1.00962275949
1.00953104454
1.00944106136
1.00935276137
1.00926609777
1.00918102549
1.0090975011
1.00901548274
1.00893493003
1.00885580404
1.0087780672
1.00870168324
1.00862661715
1.00855283511
1.00848030447
1.00840899364
1.00833887212
1.00826991039
1.00820207993
1.00813535311
1.00806970322
1.00800510441
1.00794153162
1.0078789606
1.00781736787
1.00775673065
1.00769702689
1.00763823519
1.00758033481
1.00752330563
1.00746712814
1.00741178341
1.00735725304
1.0073035192
1.00725056456
1.0071983723
1.00714692607
1.00709620998
1.0070462086
1.00699690694
1.0069482904
1.0069003448
1.00685305634
1.00680641162
1.00676039757
1.00671500149
1.00667021102
1.0066260141
1.00658239904
1.0065393544
1.00649686907
1.00645493222
1.00641353329
1.00637266201
1.00633230835
1.00629246254
1.00625311505
1.00621425659
1.0061758781
1.00613797074
1.00610052589
1.00606353513
1.00602699027
1.00599088327
1.00595520633
1.00591995179
1.00588511221
1.0058506803
1.00581664895
1.0057830112
1.00574976027
1.00571688953
1.00568439249
1.0056522628
1.00562049429
1.0055890809
1.00555801669
1.00552729589
1.00549691283
1.00546686196
1.00543713788
1.00540773528
1.00537864897
1.00534987387
1.00532140503
1.00529323757
1.00526536673
1.00523778786
1.00521049638
1.00518348784
1.00515675785
1.00513030212
1.00510411646
1.00507819675
1.00505253897
1.00502713915
1.00500199343
1.00497709802
1.0049524492
1.00492804331
1.00490387679
1.00487994614
1.00485624791
1.00483277874
1.00480953532
1.00478651441
1.00476371283
1.00474112746
1.00471875524
1.00469659317
1.00467463829
1.00465288772
1.00463133863
1.00460998821
1.00458883374
1.00456787253
1.00454710195
1.00452651941
1.00450612235
1.0044859083
1.0044658748
1.00444601943
1.00442633984
1.0044068337
1.00438749872
1.00436833266
1.00434933333
1.00433049855
1.00431182619
1.00429331417
1.00427496042
1.00425676293
1.0042387197
1.00422082879
1.00420308827
1.00418549626
1.0041680509
1.00415075036
1.00413359285
1.0041165766
1.00409969987
1.00408296096
1.00406635818
1.00404988987
1.00403355442
1.00401735022
1.00400127569
1.00398532929
1.00396950949
1.00395381479
1.0039382437
1.00392279478
1.00390746659
1.00389225772
1.00387716679
1.00386219242
1.00384733328
1.00383258804
1.00381795539
1.00380343405
1.00378902275
1.00377472025
1.00376052532
1.00374643675
1.00373245335
1.00371857394
1.00370479738
1.00369112252
1.00367754824
1.00366407343
1.00365069701
1.0036374179
1.00362423504
1.00361114739
1.00359815393
1.00358525364
1.00357244551
1.00355972858
1.00354710186
1.0035345644
1.00352211525
1.0035097535
1.00349747821
1.00348528849
1.00347318344
1.00346116219
1.00344922387
1.00343736762
1.0034255926
1.00341389797
1.00340228293
1.00339074665
1.00337928834
1.00336790721
1.00335660248
1.00334537339
1.00333421919
1.00332313911
1.00331213243
1.00330119843
1.00329033637
1.00327954557
1.00326882531
1.0032581749
1.00324759367
1.00323708095
1.00322663607
1.00321625837
1.00320594722
1.00319570196
1.00318552199
1.00317540666
1.00316535537
1.00315536751
1.00314544248
1.0031355797
1.00312577857
1.00311603852
1.00310635899
1.0030967394
1.00308717921
1.00307767787
1.00306823483
1.00305884956
1.00304952154
1.00304025023
1.00303103512
1.00302187571
1.00301277149
1.00300372196
1.00299472664
1.00298578503
1.00297689665
1.00296806104
1.00295927772
1.00295054624
1.00294186613
1.00293323694
1.00292465822
1.00291612954
1.00290765045
1.00289922053
1.00289083935
1.00288250649
1.00287422153
1.00286598405
1.00285779366
1.00284964995
1.00284155252
1.00283350098
1.00282549494
1.00281753401
1.00280961781
1.00280174598
1.00279391813
1.0027861339
1.00277839293
1.00277069485
1.00276303931
1.00275542596
1.00274785445
1.00274032444
1.00273283558
1.00272538754
1.00271797999
1.0027106126
1.00270328505
1.002695997
1.00268874814
1.00268153816
1.00267436674
1.00266723358
1.00266013837
1.00265308081
1.0026460606
1.00263907744
1.00263213104
1.00262522111
1.00261834737
1.00261150953
1.00260470732
1.00259794044
1.00259120864
1.00258451163
1.00257784915
1.00257122093
1.0025646267
1.00255806622
1.00255153921
1.00254504543
1.00253858462
1.00253215652
1.0025257609
1.00251939751
1.00251306609
1.00250676642
1.00250049826
1.00249426136
1.0024880555
1.00248188045
1.00247573596
1.00246962183
1.00246353783
1.00245748372
1.0024514593
1.00244546434
1.00243949864
1.00243356197
1.00242765412
1.00242177489
1.00241592406
1.00241010144
1.00240430682
1.00239853999
1.00239280076
1.00238708894
1.00238140431
1.0023757467
1.0023701159
1.00236451174
1.00235893401
1.00235338254
1.00234785713
1.00234235761
1.00233688379
1.0023314355
1.00232601255
1.00232061477
1.00231524199
1.00230989402
1.00230457071
1.00229927187
1.00229399735
1.00228874697
1.00228352057
1.00227831798
1.00227313905
1.00226798361
1.0022628515
1.00225774256
1.00225265664
1.00224759359
1.00224255324
1.00223753544
1.00223254006
1.00222756693
1.0022226159
1.00221768683
1.00221277958
1.002207894
1.00220302994
1.00219818727
1.00219336584
1.00218856552
1.00218378616
1.00217902763
1.00217428979
1.00216957251
1.00216487565
1.00216019909
1.00215554269
1.00215090632
1.00214628985
1.00214169316
1.00213711611
1.00213255859
1.00212802046
1.0021235016
1.0021190019
1.00211452122
1.00211005946
1.00210561648
1.00210119218
1.00209678643
1.00209239911
1.00208803012
1.00208367933
1.00207934664
1.00207503193
1.00207073509
1.00206645601
1.00206219457
1.00205795068
1.00205372422
1.00204951508
1.00204532316
1.00204114835
1.00203699055
1.00203284965
1.00202872556
1.00202461816
1.00202052737
1.00201645307
1.00201239517
1.00200835357
1.00200432817
1.00200031887
1.00199632559
1.00199234821
1.00198838665
1.00198444082
1.00198051061
1.00197659594
1.00197269672
1.00196881284
1.00196494424
1.0019610908
1.00195725245
1.0019534291
1.00194962065
1.00194582703
1.00194204814
1.0019382839
1.00193453422
1.00193079903
1.00192707822
1.00192337174
1.00191967948
1.00191600137
1.00191233733
1.00190868728
1.00190505113
1.00190142881
1.00189782024
1.00189422534
1.00189064404
1.00188707625
1.0018835219
1.00187998091
1.00187645322
1.00187293873
1.00186943739
1.00186594912
1.00186247384
1.00185901147
1.00185556196
1.00185212523
1.0018487012
1.00184528982
1.00184189099
1.00183850467
1.00183513077
1.00183176923
1.00182841999
1.00182508297
1.00182175811
1.00181844535
1.0018151446
1.00181185582
1.00180857894
1.00180531389
1.0018020606
1.00179881902
1.00179558908
1.00179237072
1.00178916388
1.00178596848
1.00178278449
1.00177961182
1.00177645043
1.00177330025
1.00177016122
1.00176703329
1.00176391639
1.00176081047
1.00175771547
1.00175463132
1.00175155798
1.00174849539
1.00174544349
1.00174240223
1.00173937154
1.00173635138
1.00173334169
1.00173034242
1.00172735351
1.0017243749
1.00172140655
1.0017184484
1.0017155004
1.0017125625
1.00170963464
1.00170671678
1.00170380886
1.00170091084
1.00169802265
1.00169514426
1.00169227561
1.00168941665
1.00168656733
1.00168372761
1.00168089744
1.00167807677
1.00167526554
1.00167246372
1.00166967126
1.0016668881
1.00166411421
1.00166134953
1.00165859403
1.00165584765
1.00165311035
1.00165038209
1.00164766281
1.00164495249
1.00164225106
1.00163955849
1.00163687474
1.00163419976
1.00163153351
1.00162887595
1.00162622702
1.0016235867
1.00162095494
1.0016183317
1.00161571693
1.0016131106
1.00161051267
1.00160792309
1.00160534182
1.00160276883
1.00160020407
1.00159764751
1.0015950991
1.00159255881
1.0015900266
1.00158750243
1.00158498626
1.00158247806
1.00157997778
1.00157748539
1.00157500084
1.00157252412
1.00157005517
1.00156759396
1.00156514045
1.00156269462
1.00156025641
1.00155782581
1.00155540276
1.00155298724
1.00155057921
1.00154817864
1.00154578548
1.00154339972
1.00154102131
1.00153865021
1.00153628641
1.00153392985
1.00153158051
1.00152923836
1.00152690336
1.00152457548
1.00152225469
1.00151994095
1.00151763424
1.00151533452
1.00151304175
1.00151075591
1.00150847697
1.0015062049
1.00150393966
1.00150168122
1.00149942955
1.00149718463
1.00149494642
1.00149271489
1.00149049002
1.00148827176
1.0014860601
1.001483855
1.00148165644
1.00147946438
1.0014772788
1.00147509967
1.00147292695
1.00147076063
1.00146860067
1.00146644704
1.00146429973
1.00146215869
1.0014600239
1.00145789534
1.00145577297
1.00145365678
1.00145154673
1.0014494428
1.00144734495
1.00144525317
1.00144316743
1.0014410877
1.00143901395
1.00143694617
1.00143488432
1.00143282837
1.00143077831
1.00142873411
1.00142669574
1.00142466318
1.0014226364
1.00142061538
1.0014186001
1.00141659052
1.00141458663
1.00141258841
1.00141059581
1.00140860884
1.00140662745
1.00140465163
1.00140268135
1.00140071659
1.00139875733
1.00139680354
1.0013948552
1.00139291229
1.00139097478
1.00138904266
1.0013871159
1.00138519447
1.00138327836
1.00138136755
1.001379462
1.00137756171
1.00137566664
1.00137377678
1.00137189211
1.0013700126
1.00136813823
1.00136626899
1.00136440484
1.00136254578
1.00136069178
1.00135884281
1.00135699886
1.00135515991
1.00135332594
1.00135149692
1.00134967284
1.00134785368
1.00134603942
1.00134423003
1.0013424255
1.00134062581
1.00133883094
1.00133704087
1.00133525558
1.00133347505
1.00133169926
1.00132992819
1.00132816184
1.00132640016
1.00132464315
1.0013228908
1.00132114307
1.00131939995
1.00131766143
1.00131592748
1.00131419809
1.00131247324
1.00131075292
1.00130903709
1.00130732575
1.00130561888
1.00130391647
1.00130221848
1.00130052491
1.00129883575
1.00129715096
1.00129547054
1.00129379447
1.00129212273
1.0012904553
1.00128879217
1.00128713332
1.00128547874
1.00128382841
1.0012821823
1.00128054042
1.00127890273
1.00127726923
1.00127563989
1.00127401471
1.00127239366
1.00127077673
1.00126916391
1.00126755517
1.00126595051
1.00126434991
1.00126275334
1.00126116081
1.00125957229
1.00125798776
1.00125640721
1.00125483064
1.00125325801
1.00125168932
1.00125012455
1.00124856369
1.00124700672
1.00124545364
1.00124390441
1.00124235903
1.00124081749
1.00123927977
1.00123774586
1.00123621574
1.0012346894
1.00123316682
1.00123164799
1.0012301329
1.00122862153
1.00122711387
1.00122560991
1.00122410963
1.00122261302
1.00122112006
1.00121963075
1.00121814506
1.00121666299
1.00121518452
1.00121370964
1.00121223833
1.00121077059
1.00120930639
1.00120784574
1.00120638861
1.00120493499
1.00120348487
1.00120203823
1.00120059507
1.00119915537
1.00119771912
1.0011962863
1.00119485691
1.00119343093
1.00119200835
1.00119058916
1.00118917335
1.00118776089
1.00118635179
1.00118494603
1.00118354359
1.00118214447
1.00118074866
1.00117935613
1.00117796689
1.00117658092
1.0011751982
1.00117381873
1.0011724425
1.00117106949
1.00116969969
1.00116833309
1.00116696968
1.00116560945
1.00116425238
1.00116289848
1.00116154771
1.00116020009
1.00115885558
1.00115751419
1.0011561759
1.0011548407
1.00115350858
1.00115217953
1.00115085354
1.0011495306
1.0011482107
1.00114689382
1.00114557996
1.00114426911
1.00114296126
1.00114165639
1.0011403545
1.00113905557
1.0011377596
1.00113646657
1.00113517648
1.00113388932
1.00113260507
1.00113132372
1.00113004528
1.00112876972
1.00112749703
1.00112622721
1.00112496025
1.00112369614
1.00112243486
1.00112117642
1.00111992079
1.00111866797
1.00111741795
1.00111617072
1.00111492627
1.0011136846
1.00111244568
1.00111120952
1.00110997611
1.00110874542
1.00110751747
1.00110629223
1.0011050697
1.00110384987
1.00110263273
1.00110141827
1.00110020648
1.00109899736
1.00109779089
1.00109658707
1.00109538588
1.00109418732
1.00109299139
1.00109179806
1.00109060734
1.00108941921
1.00108823367
1.0010870507
1.0010858703
1.00108469247
1.00108351719
1.00108234445
1.00108117424
1.00108000657
1.00107884141
1.00107767877
1.00107651863
1.00107536098
1.00107420582
1.00107305314
1.00107190293
1.00107075519
1.0010696099
1.00106846705
1.00106732665
1.00106618868
1.00106505313
1.00106392
1.00106278928
1.00106166096
1.00106053503
1.00105941148
1.00105829032
1.00105717152
1.00105605509
1.00105494102
1.00105382929
1.0010527199
1.00105161285
1.00105050812
1.00104940571
1.00104830561
1.00104720782
1.00104611232
1.00104501912
1.00104392819
1.00104283954
1.00104175316
1.00104066904
1.00103958717
1.00103850755
1.00103743018
1.00103635503
1.00103528211
1.00103421141
1.00103314292
1.00103207664
1.00103101255
1.00102995066
1.00102889096
1.00102783343
1.00102677807
1.00102572488
1.00102467384
1.00102362496
1.00102257823
1.00102153363
1.00102049116
1.00101945082
1.0010184126
1.00101737649
1.00101634249
1.00101531058
1.00101428077
1.00101325305
1.00101222741
1.00101120384
1.00101018234
1.0010091629
1.00100814552
1.00100713019
1.00100611689
1.00100510564
1.00100409642
1.00100308922
1.00100208404
1.00100108087
1.00100007971
1.00099908055
1.00099808339
1.00099708821
1.00099609501
1.0009951038
1.00099411455
1.00099312727
1.00099214194
1.00099115857
1.00099017715
1.00098919767
1.00098822013
1.00098724451
1.00098627082
1.00098529905
1.00098432919
1.00098336124
1.00098239519
1.00098143104
1.00098046877
1.0009795084
1.0009785499
1.00097759327
1.00097663852
1.00097568563
1.00097473459
1.00097378541
1.00097283807
1.00097189258
1.00097094892
1.00097000709
1.00096906709
1.00096812891
1.00096719254
1.00096625799
1.00096532523
1.00096439428
1.00096346512
1.00096253775
1.00096161216
1.00096068835
1.00095976631
1.00095884605
1.00095792754
1.00095701079
1.0009560958
1.00095518255
1.00095427105
1.00095336129
1.00095245325
1.00095154695
1.00095064237
1.00094973951
1.00094883836
1.00094793892
1.00094704118
1.00094614514
1.0009452508
1.00094435814
1.00094346717
1.00094257788
1.00094169026
1.00094080432
1.00093992003
1.00093903741
1.00093815645
1.00093727714
1.00093639947
1.00093552345
1.00093464906
1.00093377631
1.00093290518
1.00093203568
1.0009311678
1.00093030154
1.00092943688
1.00092857383
1.00092771238
1.00092685253
1.00092599427
1.00092513759
1.0009242825
1.000923429
1.00092257706
1.0009217267
1.0009208779
1.00092003066
1.00091918499
1.00091834086
1.00091749828
1.00091665725
1.00091581776
1.00091497981
1.00091414338
1.00091330849
1.00091247512
1.00091164327
1.00091081293
1.0009099841
1.00090915679
1.00090833097
1.00090750665
1.00090668383
1.0009058625
1.00090504266
1.0009042243
1.00090340741
1.00090259201
1.00090177807
1.0009009656
1.00090015459
1.00089934504
1.00089853694
1.0008977303
1.0008969251
1.00089612135
1.00089531903
1.00089451816
1.00089371871
1.00089292069
1.00089212409
1.00089132892
1.00089053516
1.00088974281
1.00088895187
1.00088816234
1.0008873742
1.00088658747
1.00088580213
1.00088501818
1.00088423561
1.00088345443
1.00088267463
1.0008818962
1.00088111915
1.00088034346
1.00087956914
1.00087879617
1.00087802457
1.00087725432
1.00087648542
1.00087571786
1.00087495165
1.00087418678
1.00087342325
1.00087266104
1.00087190017
1.00087114062
1.0008703824
1.00086962549
1.0008688699
1.00086811562
1.00086736265
1.00086661098
1.00086586062
1.00086511155
1.00086436378
1.0008636173
1.00086287211
1.0008621282
1.00086138558
1.00086064423
1.00085990416
1.00085916536
1.00085842783
1.00085769156
1.00085695656
1.00085622281
1.00085549032
1.00085475908
1.0008540291
1.00085330035
1.00085257285
1.00085184659
1.00085112157
1.00085039777
1.00084967521
1.00084895388
1.00084823376
1.00084751487
1.0008467972
1.00084608074
1.00084536549
1.00084465146
1.00084393862
1.00084322699
1.00084251656
1.00084180732
1.00084109928
1.00084039242
1.00083968676
1.00083898227
1.00083827897
1.00083757685
1.0008368759
1.00083617613
1.00083547752
1.00083478008
1.0008340838
1.00083338869
1.00083269473
1.00083200193
1.00083131027
1.00083061977
1.00082993041
1.0008292422
1.00082855513
1.00082786919
1.00082718439
1.00082650072
1.00082581819
1.00082513677
1.00082445648
1.00082377731
1.00082309926
1.00082242233
1.00082174651
1.00082107179
1.00082039819
1.00081972569
1.00081905429
1.00081838399
1.00081771478
1.00081704667
1.00081637965
1.00081571372
1.00081504887
1.00081438511
1.00081372242
1.00081306082
1.00081240029
1.00081174083
1.00081108244
1.00081042512
1.00080976886
1.00080911367
1.00080845953
1.00080780645
1.00080715443
1.00080650345
1.00080585353
1.00080520465
1.00080455682
1.00080391003
1.00080326428
1.00080261956
1.00080197588
1.00080133323
1.00080069161
1.00080005101
1.00079941144
1.0007987729
1.00079813537
1.00079749886
1.00079686336
1.00079622887
1.0007955954
1.00079496293
1.00079433146
1.000793701
1.00079307154
1.00079244308
1.00079181561
1.00079118913
1.00079056365
1.00078993915
1.00078931564
1.00078869311
1.00078807156
1.000787451
1.0007868314
1.00078621279
1.00078559514
1.00078497847
1.00078436276
1.00078374802
1.00078313424
1.00078252142
1.00078190956
1.00078129865
1.0007806887
1.0007800797
1.00077947165
1.00077886455
1.00077825839
1.00077765318
1.0007770489
1.00077644556
1.00077584316
1.0007752417
1.00077464116
1.00077404156
1.00077344288
1.00077284513
1.0007722483
1.0007716524
1.00077105741
1.00077046334
1.00076987018
1.00076927794
1.0007686866
1.00076809618
1.00076750666
1.00076691804
1.00076633033
1.00076574352
1.0007651576
1.00076457258
1.00076398846
1.00076340523
1.00076282288
1.00076224143
1.00076166086
1.00076108117
1.00076050237
1.00075992445
1.0007593474
1.00075877123
1.00075819593
1.00075762151
1.00075704795
1.00075647526
1.00075590344
1.00075533248
1.00075476238
1.00075419315
1.00075362477
1.00075305725
1.00075249058
1.00075192476
1.0007513598
1.00075079568
1.00075023241
1.00074966998
1.0007491084
1.00074854765
1.00074798775
1.00074742868
1.00074687045
1.00074631305
1.00074575648
1.00074520074
1.00074464583
1.00074409175
1.00074353849
1.00074298605
1.00074243443
1.00074188363
1.00074133365
1.00074078448
1.00074023612
1.00073968858
1.00073914184
1.00073859592
1.00073805079
1.00073750648
1.00073696296
1.00073642025
1.00073587833
1.00073533721
1.00073479689
1.00073425736
1.00073371862
1.00073318067
1.00073264351
1.00073210714
1.00073157155
1.00073103675
1.00073050272
1.00072996948
1.00072943701
1.00072890532
1.0007283744
1.00072784426
1.00072731489
1.00072678629
1.00072625845
1.00072573138
1.00072520508
1.00072467954
1.00072415476
1.00072363074
1.00072310747
1.00072258497
1.00072206321
1.00072154222
1.00072102197
1.00072050247
1.00071998372
1.00071946572
1.00071894846
1.00071843194
1.00071791617
1.00071740113
1.00071688684
1.00071637328
1.00071586046
1.00071534837
1.00071483701
1.00071432638
1.00071381648
1.00071330731
1.00071279887
1.00071229115
1.00071178415
1.00071127788
1.00071077232
1.00071026748
1.00070976336
1.00070925995
1.00070875726
1.00070825528
1.00070775401
1.00070725345
1.00070675359
1.00070625444
1.000705756
1.00070525826
1.00070476122
1.00070426488
1.00070376924
1.0007032743
1.00070278005
1.0007022865
1.00070179364
1.00070130147
1.00070080999
1.0007003192
1.0006998291
1.00069933968
1.00069885094
1.00069836289
1.00069787552
1.00069738883
1.00069690282
1.00069641748
1.00069593283
1.00069544884
1.00069496553
1.00069448288
1.00069400091
1.00069351961
1.00069303897
1.000692559
1.0006920797
1.00069160105
1.00069112307
1.00069064575
1.00069016909
1.00068969308
1.00068921774
1.00068874304
1.000688269
1.00068779561
1.00068732288
1.00068685079
1.00068637935
1.00068590855
1.00068543841
1.0006849689
1.00068450004
1.00068403182
1.00068356424
1.0006830973
1.000682631
1.00068216533
1.0006817003
1.0006812359
1.00068077213
1.000680309
1.00067984649
1.00067938461
1.00067892336
1.00067846274
1.00067800274
1.00067754336
1.00067708461
1.00067662648
1.00067616896
1.00067571207
1.00067525579
1.00067480013
1.00067434508
1.00067389064
1.00067343682
1.00067298361
1.000672531
1.00067207901
1.00067162762
1.00067117684
1.00067072667
1.00067027709
1.00066982812
1.00066937975
1.00066893198
1.00066848481
1.00066803824
1.00066759226
1.00066714688
1.00066670209
1.0006662579
1.00066581429
1.00066537128
1.00066492886
1.00066448702
1.00066404577
1.0006636051
1.00066316503
1.00066272553
1.00066228661
1.00066184828
1.00066141053
1.00066097335
1.00066053676
1.00066010074
1.00065966529
1.00065923042
1.00065879612
1.00065836239
1.00065792924
1.00065749665
1.00065706463
1.00065663318
1.0006562023
1.00065577198
1.00065534222
1.00065491303
1.0006544844
1.00065405633
1.00065362882
1.00065320187
1.00065277548
1.00065234964
1.00065192436
1.00065149963
1.00065107545
1.00065065183
1.00065022876
1.00064980623
1.00064938426
1.00064896283
1.00064854195
1.00064812162
1.00064770183
1.00064728258
1.00064686388
1.00064644572
1.0006460281
1.00064561101
1.00064519447
1.00064477846
1.00064436299
1.00064394805
1.00064353365
1.00064311978
1.00064270644
1.00064229364
1.00064188136
1.00064146961
1.00064105839
1.0006406477
1.00064023754
1.00063982789
1.00063941878
1.00063901018
1.00063860211
1.00063819455
1.00063778752
1.00063738101
1.00063697501
1.00063656953
1.00063616457
1.00063576012
1.00063535619
1.00063495277
1.00063454986
1.00063414746
1.00063374557
1.00063334419
1.00063294332
1.00063254296
1.0006321431
1.00063174375
1.0006313449
1.00063094656
1.00063054871
1.00063015137
1.00062975453
1.00062935819
1.00062896235
1.000628567
1.00062817215
1.0006277778
1.00062738394
1.00062699058
1.00062659771
1.00062620533
1.00062581344
1.00062542204
1.00062503114
1.00062464072
1.00062425078
1.00062386134
1.00062347238
1.0006230839
1.00062269591
1.0006223084
1.00062192137
1.00062153483
1.00062114876
1.00062076318
1.00062037807
1.00061999344
1.00061960929
1.00061922561
1.0006188424
1.00061845968
1.00061807742
1.00061769564
1.00061731432
1.00061693348
1.00061655311
1.00061617321
1.00061579377
1.0006154148
1.0006150363
1.00061465826
1.00061428069
1.00061390358
1.00061352693
1.00061315075
1.00061277503
1.00061239976
1.00061202496
1.00061165061
1.00061127673
1.00061090329
1.00061053032
1.0006101578
1.00060978573
1.00060941412
1.00060904296
1.00060867225
1.000608302
1.00060793219
1.00060756283
1.00060719393
1.00060682547
1.00060645745
1.00060608988
1.00060572276
1.00060535608
1.00060498985
1.00060462406
1.00060425871
1.0006038938
1.00060352933
1.0006031653
1.00060280172
1.00060243856
1.00060207585
1.00060171357
1.00060135173
1.00060099033
1.00060062935
1.00060026881
1.00059990871
1.00059954903
1.00059918979
1.00059883098
1.00059847259
1.00059811464
1.00059775711
1.00059740001
1.00059704334
1.00059668709
1.00059633126
1.00059597587
1.00059562089
1.00059526634
1.00059491221
1.0005945585
1.00059420521
1.00059385234
1.00059349988
1.00059314785
1.00059279624
1.00059244504
1.00059209425
1.00059174388
1.00059139393
1.00059104439
1.00059069526
1.00059034655
1.00058999825
1.00058965035
1.00058930287
1.0005889558
1.00058860913
1.00058826288
1.00058791703
1.00058757158
1.00058722654
1.00058688191
1.00058653768
1.00058619386
1.00058585044
1.00058550742
1.0005851648
1.00058482258
1.00058448076
1.00058413935
1.00058379833
1.0005834577
1.00058311748
1.00058277765
1.00058243822
1.00058209918
1.00058176054
1.00058142229
1.00058108444
1.00058074697
1.0005804099
1.00058007322
1.00057973693
1.00057940103
1.00057906552
1.0005787304
1.00057839566
1.00057806131
1.00057772735
1.00057739378
1.00057706059
1.00057672778
1.00057639536
1.00057606332
1.00057573166
1.00057540038
1.00057506949
1.00057473897
1.00057440884
1.00057407908
1.0005737497
1.0005734207
1.00057309208
1.00057276383
1.00057243596
1.00057210847
1.00057178135
1.0005714546
1.00057112823
1.00057080222
1.00057047659
1.00057015134
1.00056982645
1.00056950193
1.00056917778
1.00056885401
1.00056853059
1.00056820755
1.00056788487
1.00056756256
1.00056724062
1.00056691904
1.00056659782
1.00056627697
1.00056595649
1.00056563636
1.0005653166
1.00056499719
1.00056467815
1.00056435947
1.00056404115
1.00056372319
1.00056340558
1.00056308833
1.00056277144
1.00056245491
1.00056213873
1.00056182291
1.00056150744
1.00056119233
1.00056087757
1.00056056316
1.00056024911
1.0005599354
1.00055962205
1.00055930905
1.0005589964
1.0005586841
1.00055837214
1.00055806054
1.00055774928
1.00055743837
1.0005571278
1.00055681758
1.00055650771
1.00055619818
1.000555889
1.00055558016
1.00055527166
1.0005549635
1.00055465569
1.00055434822
1.00055404109
1.00055373429
1.00055342784
1.00055312173
1.00055281595
1.00055251052
1.00055220542
1.00055190066
1.00055159623
1.00055129214
1.00055098838
1.00055068496
1.00055038188
1.00055007912
1.0005497767
1.00054947461
1.00054917286
1.00054887143
1.00054857034
1.00054826957
1.00054796914
1.00054766903
1.00054736925
1.00054706981
1.00054677068
1.00054647189
1.00054617342
1.00054587528
1.00054557746
1.00054527997
1.0005449828
1.00054468596
1.00054438943
1.00054409324
1.00054379736
1.0005435018
1.00054320657
1.00054291166
1.00054261706
1.00054232279
1.00054202884
1.0005417352
1.00054144188
1.00054114888
1.0005408562
1.00054056383
1.00054027178
1.00053998004
1.00053968862
1.00053939752
1.00053910672
1.00053881624
1.00053852608
1.00053823622
1.00053794668
1.00053765745
1.00053736853
1.00053707992
1.00053679162
1.00053650363
1.00053621595
1.00053592857
1.00053564151
1.00053535475
1.0005350683
1.00053478215
1.00053449631
1.00053421078
1.00053392555
1.00053364063
1.00053335601
1.00053307169
1.00053278768
1.00053250396
1.00053222055
1.00053193745
1.00053165464
1.00053137213
1.00053108993
1.00053080802
1.00053052641
1.0005302451
1.00052996409
1.00052968338
1.00052940296
1.00052912284
1.00052884302
1.00052856349
1.00052828426
1.00052800532
1.00052772668
1.00052744833
1.00052717028
1.00052689252
1.00052661505
1.00052633787
1.00052606098
1.00052578439
1.00052550809
1.00052523207
1.00052495635
1.00052468091
1.00052440577
1.00052413091
1.00052385634
1.00052358206
1.00052330806
1.00052303436
1.00052276093
1.0005224878
1.00052221495
1.00052194238
1.0005216701
1.0005213981
1.00052112639
1.00052085496
1.00052058381
1.00052031294
1.00052004236
1.00051977205
1.00051950203
1.00051923229
1.00051896283
1.00051869364
1.00051842474
1.00051815611
1.00051788777
1.0005176197
1.00051735191
1.00051708439
1.00051681715
1.00051655019
1.00051628351
1.00051601709
1.00051575096
1.0005154851
1.00051521951
1.00051495419
1.00051468915
1.00051442438
1.00051415989
1.00051389566
1.00051363171
1.00051336803
1.00051310462
1.00051284148
1.0005125786
1.000512316
1.00051205367
1.0005117916
1.00051152981
1.00051126828
1.00051100702
1.00051074602
1.00051048529
1.00051022483
1.00050996463
1.0005097047
1.00050944504
1.00050918563
1.0005089265
1.00050866762
1.00050840901
1.00050815066
1.00050789258
1.00050763475
1.00050737719
1.00050711989
1.00050686285
1.00050660607
1.00050634955
1.00050609329
1.00050583729
1.00050558155
1.00050532606
1.00050507084
1.00050481587
1.00050456116
1.00050430671
1.00050405251
1.00050379857
1.00050354488
1.00050329145
1.00050303828
1.00050278536
1.00050253269
1.00050228028
1.00050202812
1.00050177621
1.00050152456
1.00050127316
1.00050102201
1.00050077111
1.00050052047
1.00050027007
1.00050001993
1.00049977003
1.00049952039
1.00049927099
1.00049902184
1.00049877295
1.00049852429
1.00049827589
1.00049802774
1.00049777983
1.00049753217
1.00049728475
1.00049703758
1.00049679066
1.00049654398
1.00049629755
1.00049605136
1.00049580541
1.00049555971
1.00049531425
1.00049506904
1.00049482407
1.00049457934
1.00049433485
1.0004940906
1.0004938466
1.00049360283
1.00049335931
1.00049311603
1.00049287298
1.00049263018
1.00049238761
1.00049214529
1.0004919032
1.00049166135
1.00049141974
1.00049117836
1.00049093723
1.00049069633
1.00049045566
1.00049021523
1.00048997504
1.00048973508
1.00048949536
1.00048925587
1.00048901661
1.00048877759
1.00048853881
1.00048830025
1.00048806193
1.00048782384
1.00048758599
1.00048734836
1.00048711097
1.00048687381
1.00048663688
1.00048640018
1.00048616371
1.00048592747
1.00048569146
1.00048545568
1.00048522012
1.0004849848
1.0004847497
1.00048451483
1.00048428019
1.00048404578
1.00048381159
1.00048357763
1.0004833439
1.00048311039
1.00048287711
1.00048264405
1.00048241122
1.00048217861
1.00048194622
1.00048171406
1.00048148213
1.00048125041
1.00048101892
1.00048078765
1.00048055661
1.00048032579
1.00048009518
1.0004798648
1.00047963464
1.0004794047
1.00047917498
1.00047894549
1.00047871621
1.00047848715
1.00047825831
1.00047802969
1.00047780128
1.0004775731
1.00047734513
1.00047711738
1.00047688985
1.00047666253
1.00047643543
1.00047620855
1.00047598188
1.00047575543
1.0004755292
1.00047530318
1.00047507737
1.00047485178
1.0004746264
1.00047440124
1.00047417629
1.00047395155
1.00047372703
1.00047350272
1.00047327862
1.00047305473
1.00047283106
1.00047260759
1.00047238434
1.0004721613
1.00047193847
1.00047171585
1.00047149344
1.00047127124
1.00047104924
1.00047082746
1.00047060589
1.00047038452
1.00047016336
1.00046994241
1.00046972167
1.00046950114
1.00046928081
1.00046906069
1.00046884077
1.00046862106
1.00046840156
1.00046818226
1.00046796317
1.00046774429
1.0004675256
1.00046730712
1.00046708885
1.00046687078
1.00046665291
1.00046643525
1.00046621779
1.00046600053
1.00046578348
1.00046556662
1.00046534997
1.00046513352
1.00046491727
1.00046470123
1.00046448538
1.00046426973
1.00046405429
1.00046383904
1.00046362399
1.00046340915
1.0004631945
1.00046298005
1.0004627658
1.00046255174
1.00046233789
1.00046212423
1.00046191077
1.00046169751
1.00046148444
1.00046127157
1.0004610589
1.00046084642
1.00046063414
1.00046042205
1.00046021016
1.00045999847
1.00045978696
1.00045957566
1.00045936454
1.00045915363
1.0004589429
1.00045873237
1.00045852203
1.00045831188
1.00045810193
1.00045789217
1.0004576826
1.00045747322
1.00045726404
1.00045705504
1.00045684624
1.00045663762
1.0004564292
1.00045622097
1.00045601293
1.00045580507
1.00045559741
1.00045538993
1.00045518265
1.00045497555
1.00045476864
1.00045456192
1.00045435539
1.00045414905
1.00045394289
1.00045373692
1.00045353113
1.00045332554
1.00045312013
1.0004529149
1.00045270986
1.00045250501
1.00045230034
1.00045209586
1.00045189156
1.00045168744
1.00045148351
1.00045127977
1.00045107621
1.00045087283
1.00045066964
1.00045046662
1.00045026379
1.00045006115
1.00044985868
1.0004496564
1.0004494543
1.00044925238
1.00044905065
1.00044884909
1.00044864772
1.00044844652
1.00044824551
1.00044804467
1.00044784402
1.00044764355
1.00044744325
1.00044724313
1.0004470432
1.00044684344
1.00044664386
1.00044644446
1.00044624523
1.00044604619
1.00044584732
1.00044564863
1.00044545011
1.00044525178
1.00044505362
1.00044485563
1.00044465782
1.00044446019
1.00044426273
1.00044406545
1.00044386834
1.00044367141
1.00044347466
1.00044327807
1.00044308166
1.00044288543
1.00044268937
1.00044249348
1.00044229777
1.00044210223
1.00044190686
1.00044171166
1.00044151664
1.00044132179
1.00044112711
1.0004409326
1.00044073827
1.0004405441
1.00044035011
1.00044015629
1.00043996263
1.00043976915
1.00043957584
1.0004393827
1.00043918973
1.00043899692
1.00043880429
1.00043861182
1.00043841953
1.0004382274
1.00043803544
1.00043784365
1.00043765203
1.00043746057
1.00043726928
1.00043707816
1.00043688721
1.00043669642
1.0004365058
1.00043631535
1.00043612506
1.00043593494
1.00043574498
1.00043555519
1.00043536556
1.0004351761
1.00043498681
1.00043479768
1.00043460871
1.00043441991
1.00043423127
1.00043404279
1.00043385448
1.00043366633
1.00043347835
1.00043329053
1.00043310287
1.00043291537
1.00043272804
1.00043254086
1.00043235385
1.000432167
1.00043198032
1.00043179379
1.00043160742
1.00043142122
1.00043123518
1.00043104929
1.00043086357
1.000430678
1.0004304926
1.00043030736
1.00043012227
1.00042993735
1.00042975258
1.00042956797
1.00042938352
1.00042919923
1.0004290151
1.00042883112
1.00042864731
1.00042846365
1.00042828014
1.0004280968
1.00042791361
1.00042773058
1.0004275477
1.00042736498
1.00042718242
1.00042700001
1.00042681776
1.00042663567
1.00042645373
1.00042627194
1.00042609031
1.00042590884
1.00042572752
1.00042554635
1.00042536534
1.00042518448
1.00042500377
1.00042482322
1.00042464282
1.00042446258
1.00042428249
1.00042410255
1.00042392276
1.00042374312
1.00042356364
1.00042338431
1.00042320513
1.00042302611
1.00042284723
1.00042266851
1.00042248993
1.00042231151
1.00042213324
1.00042195512
1.00042177715
1.00042159933
1.00042142166
1.00042124413
1.00042106676
1.00042088954
1.00042071247
1.00042053554
1.00042035877
1.00042018214
1.00042000566
1.00041982933
1.00041965315
1.00041947711
1.00041930122
1.00041912548
1.00041894989
1.00041877445
1.00041859915
1.000418424
1.00041824899
1.00041807413
1.00041789942
1.00041772485
1.00041755043
1.00041737615
1.00041720202
1.00041702804
1.0004168542
1.0004166805
1.00041650695
1.00041633355
1.00041616029
1.00041598717
1.0004158142
1.00041564137
1.00041546868
1.00041529614
1.00041512374
1.00041495148
1.00041477937
1.0004146074
1.00041443557
1.00041426389
1.00041409234
1.00041392094
1.00041374968
1.00041357856
1.00041340759
1.00041323675
1.00041306606
1.0004128955
1.00041272509
1.00041255482
1.00041238469
1.0004122147
1.00041204485
1.00041187514
1.00041170556
1.00041153613
1.00041136684
1.00041119769
1.00041102867
1.0004108598
1.00041069106
1.00041052246
1.000410354
1.00041018568
1.0004100175
1.00040984945
1.00040968155
1.00040951378
1.00040934614
1.00040917865
1.00040901129
1.00040884407
1.00040867698
1.00040851003
1.00040834322
1.00040817654
1.00040801
1.0004078436
1.00040767733
1.0004075112
1.0004073452
1.00040717934
1.00040701361
1.00040684802
1.00040668256
1.00040651724
1.00040635205
1.00040618699
1.00040602207
1.00040585728
1.00040569263
1.00040552811
1.00040536373
1.00040519947
1.00040503535
1.00040487136
1.00040470751
1.00040454379
1.0004043802
1.00040421674
1.00040405342
1.00040389022
1.00040372716
1.00040356423
1.00040340143
1.00040323877
1.00040307623
1.00040291383
1.00040275155
1.00040258941
1.00040242739
1.00040226551
1.00040210376
1.00040194214
1.00040178064
1.00040161928
1.00040145805
1.00040129694
1.00040113597
1.00040097512
1.00040081441
1.00040065382
1.00040049336
1.00040033303
1.00040017283
1.00040001275
1.00039985281
1.00039969299
1.0003995333
1.00039937373
1.0003992143
1.00039905499
1.00039889581
1.00039873675
1.00039857783
1.00039841903
1.00039826035
1.0003981018
1.00039794338
1.00039778509
1.00039762692
1.00039746887
1.00039731095
1.00039715316
1.00039699549
1.00039683795
1.00039668053
1.00039652324
1.00039636607
1.00039620903
1.00039605211
1.00039589531
1.00039573864
1.00039558209
1.00039542567
1.00039526937
1.00039511319
1.00039495714
1.00039480121
1.0003946454
1.00039448972
1.00039433416
1.00039417872
1.00039402341
1.00039386821
1.00039371314
1.00039355819
1.00039340337
1.00039324866
1.00039309408
1.00039293961
1.00039278527
1.00039263105
1.00039247696
1.00039232298
1.00039216912
1.00039201538
1.00039186177
1.00039170827
1.0003915549
1.00039140164
1.00039124851
1.00039109549
1.0003909426
1.00039078982
1.00039063716
1.00039048462
1.00039033221
1.00039017991
1.00039002773
1.00038987566
1.00038972372
1.00038957189
1.00038942019
1.0003892686
1.00038911713
1.00038896577
1.00038881454
1.00038866342
1.00038851242
1.00038836154
1.00038821077
1.00038806012
1.00038790959
1.00038775917
1.00038760887
1.00038745869
1.00038730863
1.00038715868
1.00038700884
1.00038685912
1.00038670952
1.00038656004
1.00038641066
1.00038626141
1.00038611227
1.00038596324
1.00038581433
1.00038566554
1.00038551686
1.00038536829
1.00038521984
1.0003850715
1.00038492328
1.00038477517
1.00038462718
1.00038447929
1.00038433153
1.00038418387
1.00038403633
1.00038388891
1.00038374159
1.00038359439
1.0003834473
1.00038330033
1.00038315346
1.00038300671
1.00038286008
1.00038271355
1.00038256714
1.00038242083
1.00038227464
1.00038212857
1.0003819826
1.00038183674
1.000381691
1.00038154537
1.00038139985
1.00038125444
1.00038110914
1.00038096395
1.00038081887
1.0003806739
1.00038052905
1.0003803843
1.00038023966
1.00038009513
1.00037995072
1.00037980641
1.00037966221
1.00037951812
1.00037937414
1.00037923027
1.00037908651
1.00037894286
1.00037879932
1.00037865588
1.00037851255
1.00037836934
1.00037822623
1.00037808323
1.00037794033
1.00037779755
1.00037765487
1.0003775123
1.00037736984
1.00037722749
1.00037708524
1.0003769431
1.00037680107
1.00037665914
1.00037651732
1.00037637561
1.00037623401
1.00037609251
1.00037595111
1.00037580983
1.00037566865
1.00037552757
1.00037538661
1.00037524574
1.00037510499
1.00037496434
1.00037482379
1.00037468335
1.00037454302
1.00037440279
1.00037426266
1.00037412264
1.00037398273
1.00037384291
1.00037370321
1.00037356361
1.00037342411
1.00037328472
1.00037314543
1.00037300624
1.00037286716
1.00037272818
1.00037258931
1.00037245053
1.00037231187
1.0003721733
1.00037203484
1.00037189648
1.00037175823
1.00037162007
1.00037148202
1.00037134408
1.00037120623
1.00037106849
1.00037093085
1.00037079331
1.00037065587
1.00037051854
1.0003703813
1.00037024417
1.00037010714
1.00036997021
1.00036983339
1.00036969666
1.00036956004
1.00036942351
1.00036928709
1.00036915077
1.00036901454
1.00036887842
1.0003687424
1.00036860648
1.00036847066
1.00036833494
1.00036819932
1.0003680638
1.00036792838
1.00036779305
1.00036765783
1.00036752271
1.00036738769
1.00036725276
1.00036711794
1.00036698321
1.00036684858
1.00036671406
1.00036657963
1.00036644529
1.00036631106
1.00036617693
1.00036604289
1.00036590895
1.00036577511
1.00036564137
1.00036550772
1.00036537418
1.00036524073
1.00036510738
1.00036497412
1.00036484096
1.0003647079
1.00036457494
1.00036444207
1.0003643093
1.00036417663
1.00036404405
1.00036391157
1.00036377919
1.0003636469
1.00036351471
1.00036338262
1.00036325062
1.00036311872
1.00036298691
1.0003628552
1.00036272358
1.00036259206
1.00036246063
1.0003623293
1.00036219807
1.00036206693
1.00036193588
1.00036180493
1.00036167408
1.00036154332
1.00036141265
1.00036128208
1.0003611516
1.00036102122
1.00036089093
1.00036076073
1.00036063063
1.00036050063
1.00036037071
1.00036024089
1.00036011116
1.00035998153
1.00035985199
1.00035972254
1.00035959319
1.00035946393
1.00035933476
1.00035920569
1.0003590767
1.00035894781
1.00035881902
1.00035869031
1.0003585617
1.00035843318
1.00035830475
1.00035817641
1.00035804817
1.00035792002
1.00035779196
1.00035766399
1.00035753611
1.00035740832
1.00035728063
1.00035715302
1.00035702551
1.00035689809
1.00035677076
1.00035664352
1.00035651637
1.00035638931
1.00035626234
1.00035613547
1.00035600868
1.00035588198
1.00035575537
1.00035562886
1.00035550243
1.00035537609
1.00035524985
1.00035512369
1.00035499762
1.00035487164
1.00035474575
1.00035461995
1.00035449424
1.00035436862
1.00035424309
1.00035411764
1.00035399229
1.00035386702
1.00035374184
1.00035361676
1.00035349176
1.00035336684
1.00035324202
1.00035311728
1.00035299264
1.00035286808
1.0003527436
1.00035261922
1.00035249492
1.00035237071
1.00035224659
1.00035212256
1.00035199861
1.00035187475
1.00035175098
1.00035162729
1.0003515037
1.00035138019
1.00035125676
1.00035113342
1.00035101017
1.00035088701
1.00035076393
1.00035064094
1.00035051803
1.00035039521
1.00035027248
1.00035014983
1.00035002727
1.00034990479
1.0003497824
1.00034966009
1.00034953787
1.00034941574
1.00034929369
1.00034917173
1.00034904985
1.00034892806
1.00034880635
1.00034868473
1.00034856319
1.00034844173
1.00034832036
1.00034819908
1.00034807788
1.00034795676
1.00034783573
1.00034771478
1.00034759392
1.00034747314
1.00034735244
1.00034723183
1.0003471113
1.00034699086
1.0003468705
1.00034675022
1.00034663003
1.00034650992
1.00034638989
1.00034626994
1.00034615008
1.0003460303
1.00034591061
1.000345791
1.00034567147
1.00034555202
1.00034543265
1.00034531337
1.00034519417
1.00034507505
1.00034495602
1.00034483706
1.00034471819
1.0003445994
1.00034448069
1.00034436207
1.00034424352
1.00034412506
1.00034400668
1.00034388838
1.00034377016
1.00034365202
1.00034353397
1.00034341599
1.0003432981
1.00034318029
1.00034306255
1.0003429449
1.00034282733
1.00034270984
1.00034259243
1.0003424751
1.00034235785
1.00034224068
1.0003421236
1.00034200659
1.00034188966
1.00034177281
1.00034165604
1.00034153935
1.00034142274
1.00034130621
1.00034118976
1.00034107339
1.0003409571
1.00034084089
1.00034072476
1.0003406087
1.00034049273
1.00034037683
1.00034026101
1.00034014528
1.00034002962
1.00033991404
1.00033979853
1.00033968311
1.00033956776
1.0003394525
1.00033933731
1.0003392222
1.00033910716
1.00033899221
1.00033887733
1.00033876253
1.00033864781
1.00033853317
1.0003384186
1.00033830412
1.0003381897
1.00033807537
1.00033796111
1.00033784694
1.00033773283
1.00033761881
1.00033750486
1.00033739099
1.00033727719
1.00033716348
1.00033704984
1.00033693627
1.00033682278
1.00033670937
1.00033659604
1.00033648278
1.0003363696
1.00033625649
1.00033614346
1.00033603051
1.00033591763
1.00033580482
1.0003356921
1.00033557945
1.00033546687
1.00033535437
1.00033524194
1.0003351296
1.00033501732
1.00033490512
1.000334793
1.00033468095
1.00033456898
1.00033445708
1.00033434525
1.0003342335
1.00033412183
1.00033401023
1.0003338987
1.00033378725
1.00033367587
1.00033356457
1.00033345334
1.00033334219
1.00033323111
1.0003331201
1.00033300917
1.00033289831
1.00033278753
1.00033267682
1.00033256618
1.00033245562
1.00033234513
1.00033223471
1.00033212437
1.0003320141
1.0003319039
1.00033179378
1.00033168373
1.00033157375
1.00033146384
1.00033135401
1.00033124425
1.00033113457
1.00033102495
1.00033091541
1.00033080594
1.00033069655
1.00033058722
1.00033047797
1.00033036879
1.00033025968
1.00033015065
1.00033004169
1.00032993279
1.00032982397
1.00032971523
1.00032960655
1.00032949794
1.00032938941
1.00032928095
1.00032917256
1.00032906424
1.00032895599
1.00032884782
1.00032873971
1.00032863168
1.00032852371
1.00032841582
1.000328308
1.00032820025
1.00032809257
1.00032798496
1.00032787742
1.00032776995
1.00032766255
1.00032755523
1.00032744797
1.00032734078
1.00032723367
1.00032712662
1.00032701964
1.00032691274
1.0003268059
1.00032669913
1.00032659243
1.00032648581
1.00032637925
1.00032627276
1.00032616634
1.00032605999
1.00032595371
1.0003258475
1.00032574136
1.00032563528
1.00032552928
1.00032542334
1.00032531748
1.00032521168
1.00032510595
1.00032500029
1.0003248947
1.00032478918
1.00032468373
1.00032457834
1.00032447302
1.00032436778
1.0003242626
1.00032415748
1.00032405244
1.00032394746
1.00032384256
1.00032373772
1.00032363294
1.00032352824
1.0003234236
1.00032331903
1.00032321453
1.0003231101
1.00032300573
1.00032290143
1.0003227972
1.00032269304
1.00032258894
1.00032248491
1.00032238095
1.00032227705
1.00032217322
1.00032206946
1.00032196576
1.00032186214
1.00032175857
1.00032165508
1.00032155165
1.00032144829
1.00032134499
1.00032124176
1.0003211386
1.0003210355
1.00032093247
1.00032082951
1.00032072661
1.00032062378
1.00032052101
1.00032041831
1.00032031567
1.0003202131
1.0003201106
1.00032000816
1.00031990579
1.00031980348
1.00031970124
1.00031959906
1.00031949695
1.00031939491
1.00031929293
1.00031919101
1.00031908916
1.00031898738
1.00031888566
1.000318784
1.00031868241
1.00031858088
1.00031847942
1.00031837802
1.00031827669
1.00031817542
1.00031807422
1.00031797308
1.00031787201
1.000317771
1.00031767005
1.00031756917
1.00031746835
1.0003173676
1.00031726691
1.00031716628
1.00031706572
1.00031696522
1.00031686478
1.00031676441
1.0003166641
1.00031656386
1.00031646368
1.00031636356
1.00031626351
1.00031616352
1.00031606359
1.00031596372
1.00031586392
1.00031576418
1.00031566451
1.0003155649
1.00031546535
1.00031536586
1.00031526643
1.00031516707
1.00031506777
1.00031496854
1.00031486936
1.00031477025
1.0003146712
1.00031457222
1.00031447329
1.00031437443
1.00031427563
1.00031417689
1.00031407821
1.0003139796
1.00031388105
1.00031378256
1.00031368413
1.00031358576
1.00031348746
1.00031338921
1.00031329103
1.00031319291
1.00031309485
1.00031299685
1.00031289892
1.00031280104
1.00031270323
1.00031260548
1.00031250778
1.00031241015
1.00031231258
1.00031221508
1.00031211763
1.00031202024
1.00031192291
1.00031182565
1.00031172844
1.0003116313
1.00031153422
1.00031143719
1.00031134023
1.00031124333
1.00031114648
1.0003110497
1.00031095298
1.00031085632
1.00031075972
1.00031066318
1.00031056669
1.00031047027
1.00031037391
1.00031027761
1.00031018137
1.00031008518
1.00030998906
1.000309893
1.00030979699
1.00030970105
1.00030960516
1.00030950934
1.00030941357
1.00030931786
1.00030922222
1.00030912663
1.0003090311
1.00030893563
1.00030884022
1.00030874486
1.00030864957
1.00030855433
1.00030845916
1.00030836404
1.00030826898
1.00030817398
1.00030807904
1.00030798415
1.00030788933
1.00030779456
1.00030769985
1.0003076052
1.00030751061
1.00030741608
1.0003073216
1.00030722719
1.00030713283
1.00030703852
1.00030694428
1.00030685009
1.00030675597
1.0003066619
1.00030656788
1.00030647393
1.00030638003
1.00030628619
1.00030619241
1.00030609868
1.00030600502
1.0003059114
1.00030581785
1.00030572436
1.00030563092
1.00030553754
1.00030544421
1.00030535094
1.00030525773
1.00030516458
1.00030507148
1.00030497844
1.00030488546
1.00030479253
1.00030469966
1.00030460685
1.00030451409
1.00030442139
1.00030432875
1.00030423616
1.00030414363
1.00030405115
1.00030395873
1.00030386637
1.00030377406
1.00030368181
1.00030358962
1.00030349748
1.0003034054
1.00030331337
1.0003032214
1.00030312948
1.00030303762
1.00030294582
1.00030285407
1.00030276238
1.00030267074
1.00030257916
1.00030248763
1.00030239616
1.00030230474
1.00030221338
1.00030212208
1.00030203083
1.00030193963
1.00030184849
1.00030175741
1.00030166638
1.0003015754
1.00030148448
1.00030139362
1.00030130281
1.00030121205
1.00030112135
1.0003010307
1.00030094011
1.00030084957
1.00030075909
1.00030066866
1.00030057829
1.00030048797
1.0003003977
1.00030030749
1.00030021733
1.00030012723
1.00030003718
1.00029994718
1.00029985724
1.00029976735
1.00029967752
1.00029958774
1.00029949801
1.00029940834
1.00029931872
1.00029922916
1.00029913965
1.00029905019
1.00029896079
1.00029887144
1.00029878214
1.00029869289
1.0002986037
1.00029851457
1.00029842548
1.00029833645
1.00029824747
1.00029815855
1.00029806967
1.00029798086
1.00029789209
1.00029780338
1.00029771472
1.00029762611
1.00029753755
1.00029744905
1.0002973606
1.0002972722
1.00029718386
1.00029709557
1.00029700733
1.00029691914
1.00029683101
1.00029674292
1.00029665489
1.00029656692
1.00029647899
1.00029639112
1.00029630329
1.00029621552
1.00029612781
1.00029604014
1.00029595253
1.00029586497
1.00029577745
1.00029569
1.00029560259
1.00029551523
1.00029542793
1.00029534068
1.00029525348
1.00029516633
1.00029507923
1.00029499219
1.00029490519
1.00029481825
1.00029473136
1.00029464452
1.00029455773
1.00029447099
1.0002943843
1.00029429766
1.00029421108
1.00029412454
1.00029403806
1.00029395163
1.00029386524
1.00029377891
1.00029369263
1.0002936064
1.00029352022
1.00029343409
1.00029334801
1.00029326199
1.00029317601
1.00029309008
1.00029300421
1.00029291838
1.0002928326
1.00029274688
1.0002926612
1.00029257558
1.00029249
1.00029240448
1.000292319
1.00029223357
1.0002921482
1.00029206287
1.0002919776
1.00029189237
1.0002918072
1.00029172207
1.00029163699
1.00029155196
1.00029146699
1.00029138206
1.00029129718
1.00029121235
1.00029112757
1.00029104284
1.00029095816
1.00029087353
1.00029078894
1.00029070441
1.00029061993
1.00029053549
1.0002904511
1.00029036677
1.00029028248
1.00029019824
1.00029011405
1.00029002991
1.00028994581
1.00028986177
1.00028977777
1.00028969383
1.00028960993
1.00028952608
1.00028944228
1.00028935853
1.00028927482
1.00028919117
1.00028910756
1.000289024
1.00028894049
1.00028885703
1.00028877361
1.00028869025
1.00028860693
1.00028852366
1.00028844044
1.00028835726
1.00028827414
1.00028819106
1.00028810803
1.00028802505
1.00028794211
1.00028785922
1.00028777638
1.00028769359
1.00028761085
1.00028752815
1.0002874455
1.0002873629
1.00028728035
1.00028719784
1.00028711538
1.00028703297
1.00028695061
1.00028686829
1.00028678602
1.0002867038
1.00028662162
1.0002865395
1.00028645741
1.00028637538
1.00028629339
1.00028621145
1.00028612956
1.00028604771
1.00028596591
1.00028588416
1.00028580245
1.00028572079
1.00028563918
1.00028555761
1.00028547609
1.00028539462
1.00028531319
1.00028523181
1.00028515048
1.00028506919
1.00028498795
1.00028490675
1.00028482561
1.0002847445
1.00028466345
1.00028458244
1.00028450147
1.00028442055
1.00028433968
1.00028425886
1.00028417808
1.00028409734
1.00028401665
1.00028393601
1.00028385541
1.00028377486
1.00028369436
1.0002836139
1.00028353348
1.00028345312
1.00028337279
1.00028329252
1.00028321228
1.0002831321
1.00028305196
1.00028297186
1.00028289181
1.0002828118
1.00028273184
1.00028265193
1.00028257206
1.00028249224
1.00028241246
1.00028233272
1.00028225303
1.00028217339
1.00028209379
1.00028201424
1.00028193473
1.00028185526
1.00028177584
1.00028169647
1.00028161714
1.00028153785
1.00028145861
1.00028137941
1.00028130026
1.00028122115
1.00028114209
1.00028106307
1.0002809841
1.00028090517
1.00028082628
1.00028074744
1.00028066864
1.00028058989
1.00028051118
1.00028043252
1.0002803539
1.00028027532
1.00028019679
1.0002801183
1.00028003985
1.00027996145
1.0002798831
1.00027980479
1.00027972652
1.00027964829
1.00027957011
1.00027949197
1.00027941388
1.00027933583
1.00027925782
1.00027917986
1.00027910194
1.00027902406
1.00027894623
1.00027886844
1.00027879069
1.00027871299
1.00027863533
1.00027855772
1.00027848014
1.00027840261
1.00027832513
1.00027824768
1.00027817028
1.00027809293
1.00027801561
1.00027793834
1.00027786111
1.00027778393
1.00027770679
1.00027762969
1.00027755263
1.00027747561
1.00027739864
1.00027732171
1.00027724483
1.00027716799
1.00027709118
1.00027701443
1.00027693771
1.00027686104
1.00027678441
1.00027670782
1.00027663127
1.00027655477
1.00027647831
1.00027640189
1.00027632551
1.00027624918
1.00027617288
1.00027609663
1.00027602043
1.00027594426
1.00027586813
1.00027579205
1.00027571601
1.00027564001
1.00027556406
1.00027548814
1.00027541227
1.00027533644
1.00027526065
1.0002751849
1.0002751092
1.00027503353
1.00027495791
1.00027488233
1.00027480679
1.00027473129
1.00027465583
1.00027458042
1.00027450505
1.00027442971
1.00027435442
1.00027427917
1.00027420396
1.0002741288
1.00027405367
1.00027397859
1.00027390354
1.00027382854
1.00027375358
1.00027367866
1.00027360378
1.00027352894
1.00027345414
1.00027337938
1.00027330467
1.00027322999
1.00027315536
1.00027308077
1.00027300621
1.0002729317
1.00027285723
1.0002727828
1.00027270841
1.00027263406
1.00027255975
1.00027248548
1.00027241125
1.00027233707
1.00027226292
1.00027218881
1.00027211475
1.00027204072
1.00027196673
1.00027189279
1.00027181888
1.00027174502
1.00027167119
1.00027159741
1.00027152366
1.00027144996
1.00027137629
1.00027130267
1.00027122908
1.00027115553
1.00027108203
1.00027100856
1.00027093514
1.00027086175
1.00027078841
1.0002707151
1.00027064183
1.00027056861
1.00027049542
1.00027042227
1.00027034916
1.00027027609
1.00027020306
1.00027013007
1.00027005712
1.00026998421
1.00026991134
1.00026983851
1.00026976571
1.00026969296
1.00026962025
1.00026954757
1.00026947493
1.00026940234
1.00026932978
1.00026925726
1.00026918478
1.00026911234
1.00026903994
1.00026896757
1.00026889525
1.00026882296
1.00026875072
1.00026867851
1.00026860634
1.00026853421
1.00026846212
1.00026839007
1.00026831805
1.00026824608
1.00026817414
1.00026810224
1.00026803038
1.00026795856
1.00026788678
1.00026781504
1.00026774333
1.00026767166
1.00026760003
1.00026752844
1.00026745689
1.00026738538
1.0002673139
1.00026724246
1.00026717106
1.0002670997
1.00026702838
1.0002669571
1.00026688585
1.00026681464
1.00026674347
1.00026667233
1.00026660124
1.00026653018
1.00026645916
1.00026638818
1.00026631724
1.00026624633
1.00026617546
1.00026610463
1.00026603384
1.00026596308
1.00026589237
1.00026582169
1.00026575104
1.00026568044
1.00026560987
1.00026553934
1.00026546885
1.0002653984
1.00026532798
1.0002652576
1.00026518725
1.00026511695
1.00026504668
1.00026497645
1.00026490626
1.0002648361
1.00026476598
1.0002646959
1.00026462585
1.00026455584
1.00026448587
1.00026441594
1.00026434604
1.00026427618
1.00026420636
1.00026413657
1.00026406682
1.00026399711
1.00026392743
1.00026385779
1.00026378819
1.00026371862
1.00026364909
1.0002635796
1.00026351015
1.00026344073
1.00026337134
1.000263302
1.00026323269
1.00026316341
1.00026309418
1.00026302498
1.00026295581
1.00026288669
1.00026281759
1.00026274854
1.00026267952
1.00026261054
1.00026254159
1.00026247268
1.00026240381
1.00026233497
1.00026226617
1.0002621974
1.00026212867
1.00026205998
1.00026199132
1.0002619227
1.00026185412
1.00026178557
1.00026171705
1.00026164858
1.00026158013
1.00026151173
1.00026144336
1.00026137502
1.00026130672
1.00026123846
1.00026117023
1.00026110204
1.00026103388
1.00026096576
1.00026089768
1.00026082963
1.00026076161
1.00026069363
1.00026062569
1.00026055778
1.00026048991
1.00026042207
1.00026035427
1.0002602865
1.00026021877
1.00026015108
1.00026008341
1.00026001579
1.0002599482
1.00025988064
1.00025981312
1.00025974564
1.00025967819
1.00025961077
1.00025954339
1.00025947605
1.00025940874
1.00025934146
1.00025927422
1.00025920701
1.00025913984
1.00025907271
1.00025900561
1.00025893854
1.00025887151
1.00025880451
1.00025873755
1.00025867062
1.00025860373
1.00025853687
1.00025847004
1.00025840325
1.0002583365
1.00025826978
1.00025820309
1.00025813644
1.00025806982
1.00025800324
1.00025793669
1.00025787018
1.0002578037
1.00025773725
1.00025767084
1.00025760446
1.00025753812
1.00025747181
1.00025740554
1.0002573393
1.00025727309
1.00025720692
1.00025714078
1.00025707468
1.00025700861
1.00025694257
1.00025687657
1.0002568106
1.00025674466
1.00025667876
1.0002566129
1.00025654706
1.00025648126
1.0002564155
1.00025634976
1.00025628407
1.0002562184
1.00025615277
1.00025608717
1.00025602161
1.00025595608
1.00025589058
1.00025582512
1.00025575969
1.00025569429
1.00025562893
1.0002555636
1.0002554983
1.00025543304
1.00025536781
1.00025530262
1.00025523745
1.00025517232
1.00025510723
1.00025504216
1.00025497713
1.00025491214
1.00025484717
1.00025478224
1.00025471735
1.00025465248
1.00025458765
1.00025452285
1.00025445809
1.00025439335
1.00025432865
1.00025426399
1.00025419935
1.00025413475
1.00025407019
1.00025400565
1.00025394115
1.00025387668
1.00025381224
1.00025374784
1.00025368347
1.00025361913
1.00025355482
1.00025349055
1.0002534263
1.0002533621
1.00025329792
1.00025323378
1.00025316967
1.00025310559
1.00025304154
1.00025297753
1.00025291355
1.0002528496
1.00025278568
1.0002527218
1.00025265794
1.00025259412
1.00025253034
1.00025246658
1.00025240286
1.00025233917
1.00025227551
1.00025221188
1.00025214828
1.00025208472
1.00025202119
1.00025195769
1.00025189423
1.00025183079
1.00025176739
1.00025170402
1.00025164068
1.00025157737
1.0002515141
1.00025145085
1.00025138764
1.00025132446
1.00025126131
1.0002511982
1.00025113511
1.00025107206
1.00025100904
1.00025094605
1.00025088309
1.00025082016
1.00025075727
1.00025069441
1.00025063157
1.00025056877
1.000250506
1.00025044327
1.00025038056
1.00025031789
1.00025025524
1.00025019263
1.00025013005
1.0002500675
1.00025000498
1.00024994249
1.00024988004
1.00024981761
1.00024975522
1.00024969286
1.00024963053
1.00024956823
1.00024950596
1.00024944372
1.00024938152
1.00024931934
1.0002492572
1.00024919508
1.000249133
1.00024907095
1.00024900893
1.00024894694
1.00024888498
1.00024882305
1.00024876115
1.00024869928
1.00024863745
1.00024857564
1.00024851387
1.00024845212
1.00024839041
1.00024832873
1.00024826708
1.00024820546
1.00024814387
1.00024808231
1.00024802078
1.00024795928
1.00024789781
1.00024783637
1.00024777496
1.00024771359
1.00024765224
1.00024759092
1.00024752964
1.00024746838
1.00024740715
1.00024734596
1.00024728479
1.00024722366
1.00024716256
1.00024710148
1.00024704044
1.00024697942
1.00024691844
1.00024685749
1.00024679656
1.00024673567
1.00024667481
1.00024661397
1.00024655317
1.0002464924
1.00024643165
1.00024637094
1.00024631025
1.0002462496
1.00024618898
1.00024612838
1.00024606782
1.00024600728
1.00024594678
1.0002458863
1.00024582586
1.00024576544
1.00024570506
1.0002456447
1.00024558437
1.00024552408
1.00024546381
1.00024540357
1.00024534336
1.00024528319
1.00024522304
1.00024516292
1.00024510283
1.00024504277
1.00024498274
1.00024492273
1.00024486276
1.00024480282
1.0002447429
1.00024468302
1.00024462316
1.00024456334
1.00024450354
1.00024444377
1.00024438404
1.00024432433
1.00024426465
1.000244205
1.00024414538
1.00024408578
1.00024402622
1.00024396669
1.00024390718
1.0002438477
1.00024378826
1.00024372884
1.00024366945
1.00024361009
1.00024355076
1.00024349146
1.00024343218
1.00024337294
1.00024331372
1.00024325453
1.00024319538
1.00024313625
1.00024307715
1.00024301807
1.00024295903
1.00024290001
1.00024284103
1.00024278207
1.00024272314
1.00024266424
1.00024260537
1.00024254653
1.00024248771
1.00024242893
1.00024237017
1.00024231144
1.00024225274
1.00024219407
1.00024213542
1.00024207681
1.00024201822
1.00024195966
1.00024190113
1.00024184263
1.00024178416
1.00024172571
1.00024166729
1.0002416089
1.00024155054
1.00024149221
1.00024143391
1.00024137563
1.00024131738
1.00024125916
1.00024120097
1.00024114281
1.00024108467
1.00024102656
1.00024096848
1.00024091043
1.00024085241
1.00024079441
1.00024073644
1.0002406785
1.00024062059
1.00024056271
1.00024050485
1.00024044702
1.00024038922
1.00024033145
1.0002402737
1.00024021599
1.0002401583
1.00024010063
1.000240043
1.00023998539
1.00023992781
1.00023987026
1.00023981274
1.00023975524
1.00023969777
1.00023964033
1.00023958292
1.00023952553
1.00023946817
1.00023941084
1.00023935354
1.00023929626
1.00023923901
1.00023918179
1.0002391246
1.00023906743
1.00023901029
1.00023895318
1.00023889609
1.00023883903
1.000238782
1.000238725
1.00023866802
1.00023861108
1.00023855415
1.00023849726
1.00023844039
1.00023838355
1.00023832674
1.00023826995
1.00023821319
1.00023815646
1.00023809976
1.00023804308
1.00023798643
1.0002379298
1.00023787321
1.00023781664
1.00023776009
1.00023770358
1.00023764709
1.00023759062
1.00023753419
1.00023747778
1.0002374214
1.00023736504
1.00023730871
1.00023725241
1.00023719614
1.00023713989
1.00023708366
1.00023702747
1.0002369713
1.00023691516
1.00023685904
1.00023680295
1.00023674689
1.00023669086
1.00023663485
1.00023657886
1.00023652291
1.00023646698
1.00023641107
1.0002363552
1.00023629935
1.00023624352
1.00023618772
1.00023613195
1.00023607621
1.00023602049
1.0002359648
1.00023590913
1.00023585349
1.00023579788
1.00023574229
1.00023568673
1.00023563119
1.00023557568
1.0002355202
1.00023546474
1.00023540931
1.00023535391
1.00023529853
1.00023524318
1.00023518785
1.00023513255
1.00023507728
1.00023502203
1.00023496681
1.00023491161
1.00023485644
1.00023480129
1.00023474618
1.00023469108
1.00023463602
1.00023458098
1.00023452596
1.00023447097
1.00023441601
1.00023436107
1.00023430616
1.00023425127
1.00023419641
1.00023414157
1.00023408676
1.00023403198
1.00023397722
1.00023392249
1.00023386778
1.0002338131
1.00023375845
1.00023370382
1.00023364921
1.00023359463
1.00023354008
1.00023348555
1.00023343105
1.00023337657
1.00023332212
1.00023326769
1.00023321329
1.00023315891
1.00023310456
1.00023305024
1.00023299594
1.00023294166
1.00023288742
1.00023283319
1.00023277899
1.00023272482
1.00023267067
1.00023261655
1.00023256245
1.00023250838
1.00023245433
1.00023240031
1.00023234631
1.00023229234
1.00023223839
1.00023218447
1.00023213057
1.0002320767
1.00023202285
1.00023196903
1.00023191523
1.00023186146
1.00023180771
1.00023175399
1.00023170029
1.00023164662
1.00023159297
1.00023153935
1.00023148575
1.00023143218
1.00023137863
1.00023132511
1.00023127161
1.00023121813
1.00023116468
1.00023111126
1.00023105786
1.00023100448
1.00023095113
1.00023089781
1.00023084451
1.00023079123
1.00023073798
1.00023068475
1.00023063155
1.00023057837
1.00023052521
1.00023047208
1.00023041898
1.0002303659
1.00023031284
1.00023025981
1.0002302068
1.00023015382
1.00023010086
1.00023004793
1.00022999502
1.00022994213
1.00022988927
1.00022983643
1.00022978362
1.00022973083
1.00022967807
1.00022962533
1.00022957261
1.00022951992
1.00022946725
1.00022941461
1.00022936199
1.0002293094
1.00022925683
1.00022920428
1.00022915176
1.00022909926
1.00022904678
1.00022899433
1.00022894191
1.0002288895
1.00022883713
1.00022878477
1.00022873244
1.00022868013
1.00022862785
1.00022857559
1.00022852336
1.00022847115
1.00022841896
1.0002283668
1.00022831466
1.00022826254
1.00022821045
1.00022815838
1.00022810634
1.00022805432
1.00022800232
1.00022795035
1.0002278984
1.00022784647
1.00022779457
1.00022774269
1.00022769084
1.000227639
1.0002275872
1.00022753541
1.00022748365
1.00022743191
1.0002273802
1.00022732851
1.00022727684
1.0002272252
1.00022717358
1.00022712199
1.00022707041
1.00022701886
1.00022696734
1.00022691584
1.00022686436
1.0002268129
1.00022676147
1.00022671006
1.00022665867
1.00022660731
1.00022655597
1.00022650466
1.00022645336
1.00022640209
1.00022635085
1.00022629962
1.00022624842
1.00022619725
1.00022614609
1.00022609496
1.00022604386
1.00022599277
1.00022594171
1.00022589067
1.00022583966
1.00022578866
1.0002257377
1.00022568675
1.00022563583
1.00022558493
1.00022553405
1.0002254832
1.00022543236
1.00022538156
1.00022533077
1.00022528001
1.00022522927
1.00022517855
1.00022512786
1.00022507719
1.00022502654
1.00022497591
1.00022492531
1.00022487473
1.00022482417
1.00022477364
1.00022472313
1.00022467264
1.00022462217
1.00022457173
1.00022452131
1.00022447091
1.00022442053
1.00022437018
1.00022431985
1.00022426954
1.00022421925
1.00022416899
1.00022411875
1.00022406853
1.00022401834
1.00022396816
1.00022391801
1.00022386789
1.00022381778
1.0002237677
1.00022371764
1.0002236676
1.00022361758
1.00022356759
1.00022351762
1.00022346767
1.00022341774
1.00022336784
1.00022331795
1.00022326809
1.00022321826
1.00022316844
1.00022311865
1.00022306888
1.00022301913
1.0002229694
1.0002229197
1.00022287002
1.00022282036
1.00022277072
1.0002227211
1.00022267151
1.00022262194
1.00022257239
1.00022252286
1.00022247336
1.00022242387
1.00022237441
1.00022232497
1.00022227555
1.00022222616
1.00022217678
1.00022212743
1.0002220781
1.0002220288
1.00022197951
1.00022193025
1.000221881
1.00022183178
1.00022178259
1.00022173341
1.00022168425
1.00022163512
1.00022158601
1.00022153692
1.00022148785
1.00022143881
1.00022138978
1.00022134078
1.0002212918
1.00022124284
1.0002211939
1.00022114499
1.00022109609
1.00022104722
1.00022099837
1.00022094954
1.00022090073
1.00022085194
1.00022080318
1.00022075444
1.00022070571
1.00022065701
1.00022060834
1.00022055968
1.00022051104
1.00022046243
1.00022041383
1.00022036526
1.00022031671
1.00022026818
1.00022021968
1.00022017119
1.00022012273
1.00022007428
1.00022002586
1.00021997746
1.00021992908
1.00021988072
1.00021983239
1.00021978407
1.00021973578
1.0002196875
1.00021963925
1.00021959102
1.00021954281
1.00021949462
1.00021944645
1.00021939831
1.00021935018
1.00021930208
1.000219254
1.00021920593
1.00021915789
1.00021910987
1.00021906188
1.0002190139
1.00021896594
1.00021891801
1.00021887009
1.0002188222
1.00021877432
1.00021872647
1.00021867864
1.00021863083
1.00021858304
1.00021853528
1.00021848753
1.0002184398
1.0002183921
1.00021834441
1.00021829675
1.0002182491
1.00021820148
1.00021815388
1.0002181063
1.00021805874
1.0002180112
1.00021796368
1.00021791618
1.00021786871
1.00021782125
1.00021777381
1.0002177264
1.00021767901
1.00021763163
1.00021758428
1.00021753695
1.00021748963
1.00021744234
1.00021739507
1.00021734782
1.00021730059
1.00021725338
1.00021720619
1.00021715902
1.00021711188
1.00021706475
1.00021701764
1.00021697056
1.00021692349
1.00021687644
1.00021682942
1.00021678241
1.00021673543
1.00021668847
1.00021664152
1.0002165946
1.0002165477
1.00021650081
1.00021645395
1.00021640711
1.00021636029
1.00021631349
1.0002162667
1.00021621994
1.0002161732
1.00021612648
1.00021607978
1.0002160331
1.00021598644
1.0002159398
1.00021589318
1.00021584658
1.0002158
1.00021575344
1.0002157069
1.00021566038
1.00021561388
1.0002155674
1.00021552094
1.0002154745
1.00021542809
1.00021538169
1.00021533531
1.00021528895
1.00021524261
1.00021519629
1.00021514999
1.00021510371
1.00021505745
1.00021501121
1.00021496499
1.00021491879
1.00021487261
1.00021482645
1.00021478031
1.00021473419
1.00021468809
1.00021464201
1.00021459595
1.0002145499
1.00021450388
1.00021445788
1.0002144119
1.00021436593
1.00021431999
1.00021427407
1.00021422817
1.00021418228
1.00021413642
1.00021409057
1.00021404475
1.00021399894
1.00021395316
1.00021390739
1.00021386164
1.00021381592
1.00021377021
1.00021372452
1.00021367885
1.0002136332
1.00021358757
1.00021354196
1.00021349637
1.0002134508
1.00021340525
1.00021335972
1.00021331421
1.00021326871
1.00021322324
1.00021317779
1.00021313235
1.00021308693
1.00021304154
1.00021299616
1.0002129508
1.00021290547
1.00021286015
1.00021281485
1.00021276957
1.0002127243
1.00021267906
1.00021263384
1.00021258864
1.00021254345
1.00021249829
1.00021245314
1.00021240801
1.00021236291
1.00021231782
1.00021227275
1.0002122277
1.00021218267
1.00021213766
1.00021209266
1.00021204769
1.00021200273
1.0002119578
1.00021191288
1.00021186798
1.00021182311
1.00021177825
1.00021173341
1.00021168858
1.00021164378
1.000211599
1.00021155423
1.00021150949
1.00021146476
1.00021142005
1.00021137536
1.00021133069
1.00021128604
1.00021124141
1.0002111968
1.0002111522
1.00021110763
1.00021106307
1.00021101853
1.00021097401
1.00021092951
1.00021088503
1.00021084057
1.00021079612
1.0002107517
1.00021070729
1.0002106629
1.00021061853
1.00021057418
1.00021052985
1.00021048554
1.00021044124
1.00021039696
1.00021035271
1.00021030847
1.00021026425
1.00021022005
1.00021017586
1.0002101317
1.00021008755
1.00021004342
1.00020999932
1.00020995522
1.00020991115
1.0002098671
1.00020982306
1.00020977905
1.00020973505
1.00020969107
1.00020964711
1.00020960317
1.00020955924
1.00020951534
1.00020947145
1.00020942758
1.00020938373
1.0002093399
1.00020929608
1.00020925229
1.00020920851
1.00020916475
1.00020912101
1.00020907729
1.00020903358
1.0002089899
1.00020894623
1.00020890258
1.00020885895
1.00020881534
1.00020877174
1.00020872816
1.00020868461
1.00020864107
1.00020859754
1.00020855404
1.00020851055
1.00020846709
1.00020842364
1.00020838021
1.00020833679
1.0002082934
1.00020825002
1.00020820666
1.00020816332
1.00020812
1.00020807669
1.00020803341
1.00020799014
1.00020794689
1.00020790365
1.00020786044
1.00020781724
1.00020777406
1.0002077309
1.00020768776
1.00020764463
1.00020760153
1.00020755844
1.00020751536
1.00020747231
1.00020742927
1.00020738626
1.00020734326
1.00020730027
1.00020725731
1.00020721436
1.00020717143
1.00020712852
1.00020708563
1.00020704275
1.0002069999
1.00020695706
1.00020691423
1.00020687143
1.00020682864
1.00020678587
1.00020674312
1.00020670039
1.00020665767
1.00020661497
1.00020657229
1.00020652963
1.00020648698
1.00020644435
1.00020640174
1.00020635915
1.00020631658
1.00020627402
1.00020623148
1.00020618896
1.00020614645
1.00020610396
1.00020606149
1.00020601904
1.00020597661
1.00020593419
1.00020589179
1.0002058494
1.00020580704
1.00020576469
1.00020572236
1.00020568005
1.00020563775
1.00020559547
1.00020555321
1.00020551097
1.00020546874
1.00020542654
1.00020538434
1.00020534217
1.00020530001
1.00020525787
1.00020521575
1.00020517365
1.00020513156
1.00020508949
1.00020504744
1.0002050054
1.00020496338
1.00020492138
1.0002048794
1.00020483743
1.00020479548
1.00020475355
1.00020471163
1.00020466973
1.00020462785
1.00020458599
1.00020454414
1.00020450231
1.0002044605
1.0002044187
1.00020437692
1.00020433516
1.00020429342
1.00020425169
1.00020420998
1.00020416829
1.00020412661
1.00020408495
1.00020404331
1.00020400169
1.00020396008
1.00020391849
1.00020387691
1.00020383535
1.00020379381
1.00020375229
1.00020371078
1.00020366929
1.00020362782
1.00020358637
1.00020354493
1.0002035035
1.0002034621
1.00020342071
1.00020337934
1.00020333798
1.00020329665
1.00020325533
1.00020321402
1.00020317273
1.00020313146
1.00020309021
1.00020304897
1.00020300775
1.00020296655
1.00020292536
1.00020288419
1.00020284304
1.0002028019
1.00020276078
1.00020271968
1.00020267859
1.00020263752
1.00020259646
1.00020255543
1.00020251441
1.0002024734
1.00020243242
1.00020239145
1.00020235049
1.00020230955
1.00020226863
1.00020222773
1.00020218684
1.00020214597
1.00020210511
1.00020206428
1.00020202346
1.00020198265
1.00020194186
1.00020190109
1.00020186033
1.00020181959
1.00020177887
1.00020173816
1.00020169747
1.0002016568
1.00020161614
1.0002015755
1.00020153488
1.00020149427
1.00020145368
1.0002014131
1.00020137254
1.000201332
1.00020129147
1.00020125096
1.00020121047
1.00020116999
1.00020112953
1.00020108909
1.00020104866
1.00020100825
1.00020096785
1.00020092747
1.00020088711
1.00020084676
1.00020080643
1.00020076611
1.00020072581
1.00020068553
1.00020064526
1.00020060501
1.00020056478
1.00020052456
1.00020048436
1.00020044417
1.000200404
1.00020036385
1.00020032371
1.00020028359
1.00020024348
1.00020020339
1.00020016332
1.00020012326
1.00020008322
1.0002000432
1.00020000319
1.00019996319
1.00019992322
1.00019988326
1.00019984331
1.00019980338
1.00019976347
1.00019972357
1.00019968369
1.00019964382
1.00019960397
1.00019956414
1.00019952432
1.00019948452
1.00019944473
1.00019940496
1.00019936521
1.00019932547
1.00019928575
1.00019924604
1.00019920635
1.00019916667
1.00019912702
1.00019908737
1.00019904774
1.00019900813
1.00019896854
1.00019892895
1.00019888939
1.00019884984
1.00019881031
1.00019877079
1.00019873129
1.0001986918
1.00019865233
1.00019861288
1.00019857344
1.00019853401
1.00019849461
1.00019845521
1.00019841584
1.00019837648
1.00019833713
1.0001982978
1.00019825849
1.00019821919
1.0001981799
1.00019814064
1.00019810138
1.00019806215
1.00019802293
1.00019798372
1.00019794453
1.00019790536
1.0001978662
1.00019782706
1.00019778793
1.00019774882
1.00019770972
1.00019767064
1.00019763157
1.00019759252
1.00019755349
1.00019751447
1.00019747546
1.00019743647
1.0001973975
1.00019735854
1.0001973196
1.00019728067
1.00019724176
1.00019720286
1.00019716398
1.00019712512
1.00019708627
1.00019704743
1.00019700861
1.0001969698
1.00019693102
1.00019689224
1.00019685348
1.00019681474
1.00019677601
1.0001967373
1.0001966986
1.00019665992
1.00019662125
1.0001965826
1.00019654396
1.00019650534
1.00019646673
1.00019642814
1.00019638956
1.000196351
1.00019631246
1.00019627392
1.00019623541
1.00019619691
1.00019615842
1.00019611995
1.0001960815
1.00019604306
1.00019600463
1.00019596622
1.00019592782
1.00019588944
1.00019585108
1.00019581273
1.00019577439
1.00019573607
1.00019569777
1.00019565948
1.0001956212
1.00019558294
1.0001955447
1.00019550647
1.00019546825
1.00019543005
1.00019539187
1.0001953537
1.00019531554
1.0001952774
1.00019523927
1.00019520116
1.00019516307
1.00019512499
1.00019508692
1.00019504887
1.00019501083
1.00019497281
1.0001949348
1.00019489681
1.00019485883
1.00019482087
1.00019478292
1.00019474499
1.00019470707
1.00019466917
1.00019463128
1.00019459341
1.00019455555
1.0001945177
1.00019447987
1.00019444206
1.00019440426
1.00019436647
1.0001943287
1.00019429094
1.0001942532
1.00019421547
1.00019417776
1.00019414006
1.00019410238
1.00019406471
1.00019402706
1.00019398942
1.0001939518
1.00019391419
1.00019387659
1.00019383901
1.00019380144
1.00019376389
1.00019372635
1.00019368883
1.00019365132
1.00019361383
1.00019357635
1.00019353889
1.00019350144
1.000193464
1.00019342658
1.00019338917
1.00019335178
1.0001933144
1.00019327704
1.00019323969
1.00019320236
1.00019316504
1.00019312773
1.00019309044
1.00019305316
1.0001930159
1.00019297865
1.00019294142
1.0001929042
1.000192867
1.00019282981
1.00019279263
1.00019275547
1.00019271832
1.00019268119
1.00019264407
1.00019260696
1.00019256987
1.0001925328
1.00019249573
1.00019245869
1.00019242165
1.00019238464
1.00019234763
1.00019231064
1.00019227366
1.0001922367
1.00019219975
1.00019216282
1.0001921259
1.000192089
1.0001920521
1.00019201523
1.00019197836
1.00019194152
1.00019190468
1.00019186786
1.00019183106
1.00019179426
1.00019175748
1.00019172072
1.00019168397
1.00019164724
1.00019161051
1.00019157381
1.00019153711
1.00019150043
1.00019146377
1.00019142712
1.00019139048
1.00019135386
1.00019131725
1.00019128065
1.00019124407
1.0001912075
1.00019117095
1.00019113441
1.00019109788
1.00019106137
1.00019102488
1.00019098839
1.00019095192
1.00019091547
1.00019087903
1.0001908426
1.00019080618
1.00019076978
1.0001907334
1.00019069703
1.00019066067
1.00019062432
1.00019058799
1.00019055167
1.00019051537
1.00019047908
1.00019044281
1.00019040655
1.0001903703
1.00019033406
1.00019029784
1.00019026164
1.00019022544
1.00019018927
1.0001901531
1.00019011695
1.00019008081
1.00019004469
1.00019000858
1.00018997248
1.0001899364
1.00018990033
1.00018986427
1.00018982823
1.0001897922
1.00018975619
1.00018972019
1.0001896842
1.00018964823
1.00018961227
1.00018957632
1.00018954039
1.00018950447
1.00018946857
1.00018943268
1.0001893968
1.00018936093
1.00018932508
1.00018928925
1.00018925342
1.00018921761
1.00018918182
1.00018914603
1.00018911026
1.00018907451
1.00018903877
1.00018900304
1.00018896732
1.00018893162
1.00018889593
1.00018886026
1.00018882459
1.00018878895
1.00018875331
1.00018871769
1.00018868208
1.00018864649
1.00018861091
1.00018857534
1.00018853979
1.00018850425
1.00018846872
1.00018843321
1.0001883977
1.00018836222
1.00018832674
1.00018829128
1.00018825584
1.0001882204
1.00018818498
1.00018814958
1.00018811418
1.0001880788
1.00018804344
1.00018800808
1.00018797274
1.00018793741
1.0001879021
1.0001878668
1.00018783151
1.00018779624
1.00018776098
1.00018772573
1.0001876905
1.00018765527
1.00018762007
1.00018758487
1.00018754969
1.00018751452
1.00018747937
1.00018744422
1.0001874091
1.00018737398
1.00018733888
1.00018730379
1.00018726871
1.00018723365
1.0001871986
1.00018716356
1.00018712854
1.00018709353
1.00018705853
1.00018702355
1.00018698858
1.00018695362
1.00018691867
1.00018688374
1.00018684882
1.00018681392
1.00018677902
1.00018674414
1.00018670928
1.00018667442
1.00018663958
1.00018660475
1.00018656994
1.00018653514
1.00018650035
1.00018646557
1.00018643081
1.00018639606
1.00018636132
1.0001863266
1.00018629189
1.00018625719
1.0001862225
1.00018618783
1.00018615317
1.00018611852
1.00018608389
1.00018604927
1.00018601466
1.00018598007
1.00018594549
1.00018591092
1.00018587636
1.00018584182
1.00018580729
1.00018577277
1.00018573826
1.00018570377
1.00018566929
1.00018563482
1.00018560037
1.00018556593
1.0001855315
1.00018549708
1.00018546268
1.00018542829
1.00018539391
1.00018535955
1.0001853252
1.00018529086
1.00018525653
1.00018522222
1.00018518792
1.00018515363
1.00018511935
1.00018508509
1.00018505084
1.0001850166
1.00018498238
1.00018494817
1.00018491397
1.00018487978
1.00018484561
1.00018481145
1.0001847773
1.00018474316
1.00018470904
1.00018467493
1.00018464083
1.00018460674
1.00018457267
1.00018453861
1.00018450456
1.00018447052
1.0001844365
1.00018440249
1.00018436849
1.00018433451
1.00018430053
1.00018426657
1.00018423262
1.00018419869
1.00018416477
1.00018413086
1.00018409696
1.00018406307
1.0001840292
1.00018399534
1.00018396149
1.00018392765
1.00018389383
1.00018386002
1.00018382622
1.00018379244
1.00018375866
1.0001837249
1.00018369115
1.00018365742
1.00018362369
1.00018358998
1.00018355628
1.0001835226
1.00018348892
1.00018345526
1.00018342161
1.00018338797
1.00018335435
1.00018332074
1.00018328714
1.00018325355
1.00018321997
1.00018318641
1.00018315286
1.00018311932
1.00018308579
1.00018305228
1.00018301878
1.00018298529
1.00018295181
1.00018291834
1.00018288489
1.00018285145
1.00018281802
1.0001827846
1.0001827512
1.00018271781
1.00018268443
1.00018265106
1.00018261771
1.00018258436
1.00018255103
1.00018251771
1.00018248441
1.00018245111
1.00018241783
1.00018238456
1.0001823513
1.00018231806
1.00018228482
1.0001822516
1.00018221839
1.00018218519
1.00018215201
1.00018211883
1.00018208567
1.00018205252
1.00018201939
1.00018198626
1.00018195315
1.00018192005
1.00018188696
1.00018185388
1.00018182082
1.00018178776
1.00018175472
1.00018172169
1.00018168868
1.00018165567
1.00018162268
1.0001815897
1.00018155673
1.00018152377
1.00018149083
1.0001814579
1.00018142497
1.00018139207
1.00018135917
1.00018132628
1.00018129341
1.00018126055
1.0001812277
1.00018119486
1.00018116204
1.00018112922
1.00018109642
1.00018106363
1.00018103085
1.00018099809
1.00018096533
1.00018093259
1.00018089986
1.00018086714
1.00018083443
1.00018080174
1.00018076905
1.00018073638
1.00018070372
1.00018067108
1.00018063844
1.00018060581
1.0001805732
1.0001805406
1.00018050801
1.00018047543
1.00018044287
1.00018041032
1.00018037777
1.00018034524
1.00018031272
1.00018028022
1.00018024772
1.00018021524
1.00018018277
1.00018015031
1.00018011786
1.00018008542
1.000180053
1.00018002058
1.00017998818
1.00017995579
1.00017992342
1.00017989105
1.00017985869
1.00017982635
1.00017979402
1.0001797617
1.00017972939
1.00017969709
1.00017966481
1.00017963253
1.00017960027
1.00017956802
1.00017953578
1.00017950356
1.00017947134
1.00017943914
1.00017940694
1.00017937476
1.00017934259
1.00017931043
1.00017927829
1.00017924615
1.00017921403
1.00017918192
1.00017914982
1.00017911773
1.00017908565
1.00017905358
1.00017902153
1.00017898949
1.00017895746
1.00017892544
1.00017889343
1.00017886143
1.00017882944
1.00017879747
1.00017876551
1.00017873356
1.00017870162
1.00017866969
1.00017863777
1.00017860586
1.00017857397
1.00017854209
1.00017851022
1.00017847836
1.00017844651
1.00017841467
1.00017838284
1.00017835103
1.00017831922
1.00017828743
1.00017825565
1.00017822388
1.00017819212
1.00017816038
1.00017812864
1.00017809692
1.00017806521
1.0001780335
1.00017800181
1.00017797013
1.00017793847
1.00017790681
1.00017787517
1.00017784353
1.00017781191
1.0001777803
1.0001777487
1.00017771711
1.00017768553
1.00017765396
1.00017762241
1.00017759086
1.00017755933
1.00017752781
1.0001774963
1.0001774648
1.00017743331
1.00017740183
1.00017737037
1.00017733891
1.00017730747
1.00017727604
1.00017724462
1.00017721321
1.00017718181
1.00017715042
1.00017711904
1.00017708768
1.00017705632
1.00017702498
1.00017699365
1.00017696233
1.00017693102
1.00017689972
1.00017686843
1.00017683715
1.00017680589
1.00017677463
1.00017674339
1.00017671215
1.00017668093
1.00017664972
1.00017661852
1.00017658733
1.00017655616
1.00017652499
1.00017649383
1.00017646269
1.00017643156
1.00017640043
1.00017636932
1.00017633822
1.00017630713
1.00017627605
1.00017624499
1.00017621393
1.00017618288
1.00017615185
1.00017612082
1.00017608981
1.00017605881
1.00017602782
1.00017599684
1.00017596587
1.00017593491
1.00017590396
1.00017587302
1.0001758421
1.00017581118
1.00017578028
1.00017574939
1.0001757185
1.00017568763
1.00017565677
1.00017562592
1.00017559508
1.00017556425
1.00017553344
1.00017550263
1.00017547183
1.00017544105
1.00017541028
1.00017537951
1.00017534876
1.00017531802
1.00017528729
1.00017525657
1.00017522586
1.00017519516
1.00017516447
1.00017513379
1.00017510313
1.00017507247
1.00017504183
1.00017501119
1.00017498057
1.00017494996
1.00017491935
1.00017488876
1.00017485818
1.00017482761
1.00017479705
1.0001747665
1.00017473596
1.00017470544
1.00017467492
1.00017464441
1.00017461392
1.00017458343
1.00017455296
1.0001745225
1.00017449204
1.0001744616
1.00017443117
1.00017440075
1.00017437034
1.00017433994
1.00017430955
1.00017427917
1.0001742488
1.00017421845
1.0001741881
1.00017415776
1.00017412744
1.00017409712
1.00017406682
1.00017403652
1.00017400624
1.00017397597
1.00017394571
1.00017391545
1.00017388521
1.00017385498
1.00017382476
1.00017379455
1.00017376435
1.00017373416
1.00017370399
1.00017367382
1.00017364366
1.00017361351
1.00017358338
1.00017355325
1.00017352314
1.00017349303
1.00017346294
1.00017343285
1.00017340278
1.00017337271
1.00017334266
1.00017331262
1.00017328259
1.00017325257
1.00017322255
1.00017319255
1.00017316256
1.00017313258
1.00017310261
1.00017307265
1.00017304271
1.00017301277
1.00017298284
1.00017295292
1.00017292301
1.00017289312
1.00017286323
1.00017283335
1.00017280349
1.00017277363
1.00017274378
1.00017271395
1.00017268412
1.00017265431
1.00017262451
1.00017259471
1.00017256493
1.00017253515
1.00017250539
1.00017247564
1.00017244589
1.00017241616
1.00017238644
1.00017235673
1.00017232703
1.00017229734
1.00017226765
1.00017223798
1.00017220832
1.00017217867
1.00017214903
1.0001721194
1.00017208978
1.00017206017
1.00017203057
1.00017200098
1.0001719714
1.00017194183
1.00017191227
1.00017188273
1.00017185319
1.00017182366
1.00017179414
1.00017176463
1.00017173513
1.00017170565
1.00017167617
1.0001716467
1.00017161724
1.0001715878
1.00017155836
1.00017152893
1.00017149951
1.00017147011
1.00017144071
1.00017141132
1.00017138195
1.00017135258
1.00017132322
1.00017129388
1.00017126454
1.00017123521
1.0001712059
1.00017117659
1.00017114729
1.00017111801
1.00017108873
1.00017105947
1.00017103021
1.00017100096
1.00017097173
1.0001709425
1.00017091328
1.00017088408
1.00017085488
1.00017082569
1.00017079652
1.00017076735
1.0001707382
1.00017070905
1.00017067991
1.00017065079
1.00017062167
1.00017059256
1.00017056346
1.00017053438
1.0001705053
1.00017047623
1.00017044718
1.00017041813
1.00017038909
1.00017036006
1.00017033105
1.00017030204
1.00017027304
1.00017024405
1.00017021508
1.00017018611
1.00017015715
1.0001701282
1.00017009926
1.00017007033
1.00017004141
1.0001700125
1.00016998361
1.00016995472
1.00016992584
1.00016989697
1.00016986811
1.00016983926
1.00016981042
1.00016978158
1.00016975276
1.00016972395
1.00016969515
1.00016966636
1.00016963758
1.00016960881
1.00016958004
1.00016955129
1.00016952255
1.00016949382
1.00016946509
1.00016943638
1.00016940767
1.00016937898
1.0001693503
1.00016932162
1.00016929296
1.0001692643
1.00016923566
1.00016920702
1.00016917839
1.00016914978
1.00016912117
1.00016909257
1.00016906399
1.00016903541
1.00016900684
1.00016897828
1.00016894973
1.00016892119
1.00016889266
1.00016886414
1.00016883563
1.00016880713
1.00016877864
1.00016875016
1.00016872169
1.00016869323
1.00016866477
1.00016863633
1.0001686079
1.00016857947
1.00016855106
1.00016852265
1.00016849426
1.00016846587
1.0001684375
1.00016840913
1.00016838077
1.00016835243
1.00016832409
1.00016829576
1.00016826744
1.00016823913
1.00016821083
1.00016818254
1.00016815426
1.00016812599
1.00016809773
1.00016806948
1.00016804124
1.000168013
1.00016798478
1.00016795656
1.00016792836
1.00016790016
1.00016787198
1.0001678438
1.00016781564
1.00016778748
1.00016775933
1.00016773119
1.00016770306
1.00016767494
1.00016764683
1.00016761873
1.00016759064
1.00016756256
1.00016753449
1.00016750642
1.00016747837
1.00016745033
1.00016742229
1.00016739427
1.00016736625
1.00016733824
1.00016731025
1.00016728226
1.00016725428
1.00016722631
1.00016719835
1.0001671704
1.00016714246
1.00016711453
1.0001670866
1.00016705869
1.00016703079
1.00016700289
1.00016697501
1.00016694713
1.00016691926
1.00016689141
1.00016686356
1.00016683572
1.00016680789
1.00016678007
1.00016675226
1.00016672446
1.00016669666
1.00016666888
1.00016664111
